data_group,pressure_level,variable,n,rmse,bias,mae,corr,pred_mean,truth_mean,diff_std,data_type,target_time,pred_start_time,lead_hour,model_forecast_hour,valid_time
upper,1000.0,z,5670,32.52047619087801,-9.233905750523588,24.23455463927469,0.9959912121700466,-19.235797560488315,-10.001891809964727,31.181987689560625,gdas,2025-07-29-00-00,2025-07-29-00-00,1,1,2025-07-29-01-00
upper,1000.0,q,5670,0.0009192051443881843,-0.00010550334266135617,0.0007169770900606846,0.7887073487837587,0.019618519765572915,0.019724023108234272,0.0009131304080781579,gdas,2025-07-29-00-00,2025-07-29-00-00,1,1,2025-07-29-01-00
upper,1000.0,t,5670,0.6805709840068889,0.13013402545262898,0.4974510017946704,0.6877971487379393,301.5682847657111,301.4381507402585,0.6680134726871904,gdas,2025-07-29-00-00,2025-07-29-00-00,1,1,2025-07-29-01-00
upper,1000.0,u,5670,1.2061445102916728,0.1429218693549303,0.9465399240224082,0.9856619492593184,3.8759305860794675,3.733008716724537,1.1976468256405275,gdas,2025-07-29-00-00,2025-07-29-00-00,1,1,2025-07-29-01-00
upper,1000.0,v,5670,1.3485729592374605,0.02899877964346497,0.9888575562277588,0.965665783784421,4.6523601740782645,4.6233613944347995,1.348261138342892,gdas,2025-07-29-00-00,2025-07-29-00-00,1,1,2025-07-29-01-00
upper,1000.0,wind,5670,1.220353122071129,0.11150120528995576,0.900223775525967,0.955329878013823,9.797140974563783,9.685639769273829,1.2152486263179396,gdas,2025-07-29-00-00,2025-07-29-00-00,1,1,2025-07-29-01-00
upper,925.0,z,5670,34.415474942388094,-10.081595112364969,26.52862365830302,0.996424472534639,6741.8751903607945,6751.9567854731595,32.905719191357626,gdas,2025-07-29-00-00,2025-07-29-00-00,1,1,2025-07-29-01-00
upper,925.0,q,5670,0.0011591932573849137,-4.3667696179851655e-05,0.0008749212483289066,0.8211057504876342,0.01607634708896358,0.016120014785143435,0.0011583704676298473,gdas,2025-07-29-00-00,2025-07-29-00-00,1,1,2025-07-29-01-00
upper,925.0,t,5670,0.6512433406126025,-0.26227335450510497,0.5179850448796779,0.7815913382938521,296.9047262605536,297.16699961505867,0.5960961132308293,gdas,2025-07-29-00-00,2025-07-29-00-00,1,1,2025-07-29-01-00
upper,925.0,u,5670,2.215339386260931,-0.17286462414175324,1.695815642862671,0.9793677772296276,6.848073297829697,7.02093792197145,2.208584709274084,gdas,2025-07-29-00-00,2025-07-29-00-00,1,1,2025-07-29-01-00
upper,925.0,v,5670,1.6883308151397247,0.17965776484058857,1.31110398135488,0.9651458843479253,5.735720418128177,5.556062653287588,1.6787447777678568,gdas,2025-07-29-00-00,2025-07-29-00-00,1,1,2025-07-29-01-00
upper,925.0,wind,5670,2.2387732772156745,-0.09558448942499681,1.713907817503867,0.931616597417644,14.150494296035255,14.246078785460252,2.236731855220105,gdas,2025-07-29-00-00,2025-07-29-00-00,1,1,2025-07-29-01-00
upper,850.0,z,5670,36.08654436835897,-11.923384796626983,27.840059041556437,0.996407081421508,13971.568488549934,13983.49187334656,34.059823538020645,gdas,2025-07-29-00-00,2025-07-29-00-00,1,1,2025-07-29-01-00
upper,850.0,q,5670,0.000955131200567037,-0.00011009173825008686,0.0007303756477337535,0.882520174158251,0.013392313945475092,0.01350240568372518,0.0009487652077651793,gdas,2025-07-29-00-00,2025-07-29-00-00,1,1,2025-07-29-01-00
upper,850.0,t,5670,0.5139460567997451,0.19611575548821236,0.40802567362575093,0.7946746539986825,293.564777335246,293.36866157975777,0.4750570068415943,gdas,2025-07-29-00-00,2025-07-29-00-00,1,1,2025-07-29-01-00
upper,850.0,u,5670,2.066849134831184,-0.12079516166338214,1.5651642594243378,0.9827032015472048,7.701462336080362,7.8222574977437445,2.063316232445025,gdas,2025-07-29-00-00,2025-07-29-00-00,1,1,2025-07-29-01-00
upper,850.0,v,5670,1.7169745246891672,0.3503589170884729,1.2779087191339207,0.9479964287697292,3.887282350153467,3.536923433064994,1.680848044187274,gdas,2025-07-29-00-00,2025-07-29-00-00,1,1,2025-07-29-01-00
upper,850.0,wind,5670,2.083702333202322,-0.10533876113158645,1.5790575492678847,0.9354087940607743,13.72598382394887,13.831322585080457,2.0810380003248525,gdas,2025-07-29-00-00,2025-07-29-00-00,1,1,2025-07-29-01-00
upper,700.0,z,5670,30.867928503511546,-7.349012414572311,24.400139164462082,0.9974012154906325,30210.936594397597,30218.28560681217,29.980344004503397,gdas,2025-07-29-00-00,2025-07-29-00-00,1,1,2025-07-29-01-00
upper,700.0,q,5670,0.0009418989738002771,0.00013355119718481807,0.0007214508963234697,0.9333262924449942,0.009040438011884065,0.008906886814699247,0.0009323828369165303,gdas,2025-07-29-00-00,2025-07-29-00-00,1,1,2025-07-29-01-00
upper,700.0,t,5670,0.583645492295723,-0.08153441360177607,0.43050370527533205,0.7053135588830272,285.2828385368226,285.3643729504244,0.5779223131838148,gdas,2025-07-29-00-00,2025-07-29-00-00,1,1,2025-07-29-01-00
upper,700.0,u,5670,1.9875398278023877,-0.22004778334966202,1.5456096894763134,0.9832445013626006,6.82918098847229,7.049228771821952,1.9753211232970818,gdas,2025-07-29-00-00,2025-07-29-00-00,1,1,2025-07-29-01-00
upper,700.0,v,5670,1.8347086235592054,-0.4301605941455095,1.4104717908778623,0.9296730143622379,2.917867873426415,3.3480284675719245,1.7835687810137564,gdas,2025-07-29-00-00,2025-07-29-00-00,1,1,2025-07-29-01-00
upper,700.0,wind,5670,2.045550675320109,-0.9541429146989516,1.5899927150294044,0.9247329016689275,11.994398298854678,12.948541213553629,1.8093890857503103,gdas,2025-07-29-00-00,2025-07-29-00-00,1,1,2025-07-29-01-00
upper,600.0,z,5670,37.11191758414501,-14.347849495701059,29.468788235780423,0.9944026356955853,42741.45435922343,42755.802208719135,34.22621278524813,gdas,2025-07-29-00-00,2025-07-29-00-00,1,1,2025-07-29-01-00
upper,600.0,q,5670,0.0009116505228345776,0.00013880908768049177,0.0006967184801008618,0.9161501667980424,0.00650487286792214,0.006366063780241647,0.0009010209281486575,gdas,2025-07-29-00-00,2025-07-29-00-00,1,1,2025-07-29-01-00
upper,600.0,t,5670,0.5547991856343777,-0.17481173022503996,0.4420633063745246,0.822321362397513,278.4063508398739,278.5811625700989,0.5265386931235886,gdas,2025-07-29-00-00,2025-07-29-00-00,1,1,2025-07-29-01-00
upper,600.0,u,5670,1.8717808664090394,0.1954592568376077,1.4547713504844662,0.97985620678352,6.544566388930173,6.349107132092565,1.861547552648458,gdas,2025-07-29-00-00,2025-07-29-00-00,1,1,2025-07-29-01-00
upper,600.0,v,5670,1.9172008439869568,-0.7951300527608085,1.4958695967653783,0.918926238341798,2.9353630682433804,3.7304931210041885,1.7445421391817666,gdas,2025-07-29-00-00,2025-07-29-00-00,1,1,2025-07-29-01-00
upper,600.0,wind,5670,1.9273717589471318,-0.3355247505846258,1.4911570182842524,0.9148333580033051,11.435922831829496,11.77144758241412,1.897942317071856,gdas,2025-07-29-00-00,2025-07-29-00-00,1,1,2025-07-29-01-00
upper,500.0,z,5670,41.14009244634682,-19.01029575892857,33.5647159529321,0.9923114631250682,57146.52689973269,57165.53719549162,36.48446055037713,gdas,2025-07-29-00-00,2025-07-29-00-00,1,1,2025-07-29-01-00
upper,500.0,q,5670,0.0007421471951466139,0.00012090682272844072,0.0005723103615842353,0.9157932165454262,0.004098579496535045,0.003977672673806604,0.0007322322032536534,gdas,2025-07-29-00-00,2025-07-29-00-00,1,1,2025-07-29-01-00
upper,500.0,t,5670,0.5926693944455486,-0.19347333420311122,0.47675526667734514,0.8438127029514719,270.47646802468273,270.66994135888586,0.5602009282969678,gdas,2025-07-29-00-00,2025-07-29-00-00,1,1,2025-07-29-01-00
upper,500.0,u,5670,2.035618390940123,-0.24836813275040354,1.5012330837613481,0.9751556341026641,5.8044646358731775,6.052832768623581,2.020409736703853,gdas,2025-07-29-00-00,2025-07-29-00-00,1,1,2025-07-29-01-00
upper,500.0,v,5670,2.066225571156357,-0.9169346695144971,1.6357478262859888,0.907474094576501,3.4310933567097366,4.348028026224234,1.8516260212966211,gdas,2025-07-29-00-00,2025-07-29-00-00,1,1,2025-07-29-01-00
upper,500.0,wind,5670,2.0213411859350927,-0.5532900908669356,1.505506188107653,0.9131159252741324,11.078741274693279,11.632031365560213,1.9441425527223934,gdas,2025-07-29-00-00,2025-07-29-00-00,1,1,2025-07-29-01-00
upper,400.0,z,5670,43.95542193823842,-29.733286485890652,35.645683145943565,0.9895454885716647,74199.38395888449,74229.11724537038,32.37299480302254,gdas,2025-07-29-00-00,2025-07-29-00-00,1,1,2025-07-29-01-00
upper,400.0,q,5670,0.0004595325073658376,0.00011176943841973004,0.00034036220397463073,0.8953877265703235,0.002233419912519542,0.002121650474099812,0.0004457327876219919,gdas,2025-07-29-00-00,2025-07-29-00-00,1,1,2025-07-29-01-00
upper,400.0,t,5670,0.5203488293593523,-0.0847803159575824,0.39981677342974953,0.9177788493024527,260.95676725142005,261.0415475673776,0.5133957559639356,gdas,2025-07-29-00-00,2025-07-29-00-00,1,1,2025-07-29-01-00
upper,400.0,u,5670,2.1455005200424515,-0.39774926514537245,1.5386443175388602,0.9573369672949494,3.9941759828274424,4.391925247972814,2.10830927607378,gdas,2025-07-29-00-00,2025-07-29-00-00,1,1,2025-07-29-01-00
upper,400.0,v,5670,2.1209534320910777,-0.41870593102993786,1.5624163328208411,0.907974231914535,3.063232996568373,3.4819389275983106,2.0792135062131725,gdas,2025-07-29-00-00,2025-07-29-00-00,1,1,2025-07-29-01-00
upper,400.0,wind,5670,2.0235387166404895,-0.2645798054901124,1.474245860530568,0.8764439059492176,9.17496088718231,9.439540692672422,2.0061671077629235,gdas,2025-07-29-00-00,2025-07-29-00-00,1,1,2025-07-29-01-00
upper,300.0,z,5670,42.45739675976268,-27.370326967592593,34.90022941468254,0.9793274040699101,95205.10158661265,95232.47191358024,32.45759913029583,gdas,2025-07-29-00-00,2025-07-29-00-00,1,1,2025-07-29-01-00
upper,300.0,q,5670,0.00018933920671194247,5.395197590531344e-05,0.00013148719381863978,0.8786768111657459,0.0008454207275608945,0.0007914687516555811,0.00018148972283360882,gdas,2025-07-29-00-00,2025-07-29-00-00,1,1,2025-07-29-01-00
upper,300.0,t,5670,0.4486443111590324,0.023807378967392802,0.35434312500861165,0.9471348208373391,246.8750607956444,246.851253416677,0.4480121947470466,gdas,2025-07-29-00-00,2025-07-29-00-00,1,1,2025-07-29-01-00
upper,300.0,u,5670,2.438712037280802,0.010599388021850922,1.8030077662995674,0.8887518552325738,0.9148655516813251,0.9042661636594742,2.4386890030817465,gdas,2025-07-29-00-00,2025-07-29-00-00,1,1,2025-07-29-01-00
upper,300.0,v,5670,2.418880249651974,-0.11169503603189711,1.917872752554097,0.924741503746264,1.9059611698333339,2.0176562058652308,2.4163000395402534,gdas,2025-07-29-00-00,2025-07-29-00-00,1,1,2025-07-29-01-00
upper,300.0,wind,5670,2.3411105142705146,0.22875360007309525,1.7786853222318173,0.83486621864449,7.414625153331175,7.18587155325808,2.329907772956164,gdas,2025-07-29-00-00,2025-07-29-00-00,1,1,2025-07-29-01-00
upper,250.0,z,5670,48.369224486125454,-32.61551959325397,41.34875096450617,0.9739835149510541,107873.88437017747,107906.49988977073,35.71847923766162,gdas,2025-07-29-00-00,2025-07-29-00-00,1,1,2025-07-29-01-00
upper,250.0,q,5670,9.94651153853156e-05,1.1812138301079125e-05,7.36741196453529e-05,0.7888024295270029,0.0003816118648576678,0.0003697997265565887,9.8761240207737e-05,gdas,2025-07-29-00-00,2025-07-29-00-00,1,1,2025-07-29-01-00
upper,250.0,t,5670,0.4557984557393575,-0.2077209136263193,0.3612125470734988,0.9523938952157049,237.06161114324337,237.2693320568697,0.4057144985043426,gdas,2025-07-29-00-00,2025-07-29-00-00,1,1,2025-07-29-01-00
upper,250.0,u,5670,2.5160650994191798,-0.3785216277711606,1.889802465347386,0.8420593468199128,-1.2289024085647424,-0.8503807807935819,2.487429388309288,gdas,2025-07-29-00-00,2025-07-29-00-00,1,1,2025-07-29-01-00
upper,250.0,v,5670,2.7030429641639584,0.5680848032722292,2.11985008641289,0.906181885321808,0.8516234978389593,0.28353869456673003,2.6426730638517193,gdas,2025-07-29-00-00,2025-07-29-00-00,1,1,2025-07-29-01-00
upper,250.0,wind,5670,2.3859931737743696,-0.3399885817529001,1.862834382737418,0.7272075720699196,6.746672179511051,7.086660761263951,2.3616458645562295,gdas,2025-07-29-00-00,2025-07-29-00-00,1,1,2025-07-29-01-00
upper,200.0,z,5670,61.950539011109285,-49.7863246803351,52.989491016313934,0.9778546036187167,122667.12313299162,122716.90945767195,36.867209802088766,gdas,2025-07-29-00-00,2025-07-29-00-00,1,1,2025-07-29-01-00
upper,200.0,q,5670,3.404788280575826e-05,-1.6258502121975955e-05,2.6839118441461085e-05,0.6857432198312426,0.00011833053547029225,0.0001345890375922682,2.991520403247072e-05,gdas,2025-07-29-00-00,2025-07-29-00-00,1,1,2025-07-29-01-00
upper,200.0,t,5670,0.5089301228425867,-0.30464037806058475,0.4138826831097746,0.9421002172768086,224.82305375356523,225.12769413162582,0.40768138293485306,gdas,2025-07-29-00-00,2025-07-29-00-00,1,1,2025-07-29-01-00
upper,200.0,u,5670,3.4434449467275026,-0.6039509227193852,2.5087912869674187,0.8409962984555391,-3.2635071282401498,-2.6595562055207647,3.3900673126192604,gdas,2025-07-29-00-00,2025-07-29-00-00,1,1,2025-07-29-01-00
upper,200.0,v,5670,3.4045163852682276,0.4772875555161866,2.496793019138211,0.9049196965906948,-0.3461983581725672,-0.8234859136887539,3.370894303728496,gdas,2025-07-29-00-00,2025-07-29-00-00,1,1,2025-07-29-01-00
upper,200.0,wind,5670,3.276072146493541,-0.5423020129951309,2.3117618880845705,0.7365219167774297,8.596057992984685,9.138360005979816,3.2308756144011834,gdas,2025-07-29-00-00,2025-07-29-00-00,1,1,2025-07-29-01-00
upper,150.0,z,5670,76.70372500691461,-68.66665013227514,68.98800705467372,0.9799870335827738,140618.71840277777,140687.38505291005,34.181173027678504,gdas,2025-07-29-00-00,2025-07-29-00-00,1,1,2025-07-29-01-00
upper,150.0,q,5670,9.86871812306588e-06,-6.2247555023679755e-06,7.132019401310965e-06,0.48540807468598757,1.7566632564345093e-05,2.3791388066713068e-05,7.657938125126669e-06,gdas,2025-07-29-00-00,2025-07-29-00-00,1,1,2025-07-29-01-00
upper,150.0,t,5670,0.5160161153697608,-0.09972686363906456,0.3985177055237785,0.9714040536273912,210.16798071617382,210.26770757981288,0.5062876494543529,gdas,2025-07-29-00-00,2025-07-29-00-00,1,1,2025-07-29-01-00
upper,150.0,u,5670,3.3780813361159057,-0.11019035078440605,2.693841222286014,0.9141085234451787,-4.956083540552718,-4.8458931897683115,3.3762836966120946,gdas,2025-07-29-00-00,2025-07-29-00-00,1,1,2025-07-29-01-00
upper,150.0,v,5670,3.1836774728139945,0.16172580525568134,2.4253173607209373,0.8993106858602697,-2.672835179737636,-2.8345609849933173,3.179567111230349,gdas,2025-07-29-00-00,2025-07-29-00-00,1,1,2025-07-29-01-00
upper,150.0,wind,5670,3.1891259925443065,-0.5510561458445448,2.4609768875274773,0.8472927784703167,10.475916218023649,11.026972363868193,3.141156112078587,gdas,2025-07-29-00-00,2025-07-29-00-00,1,1,2025-07-29-01-00
upper,100.0,z,5670,75.19129750033464,-65.3221023478836,67.15718832671958,0.9946741242415315,164127.2283606151,164192.55046296297,37.2391482802232,gdas,2025-07-29-00-00,2025-07-29-00-00,1,1,2025-07-29-01-00
upper,100.0,q,5670,1.0939167876695042e-06,-9.72477979432347e-07,9.955323939424236e-07,0.5211304658724693,2.5000502276309205e-06,3.4725282070632676e-06,5.009396349505063e-07,gdas,2025-07-29-00-00,2025-07-29-00-00,1,1,2025-07-29-01-00
upper,100.0,t,5670,1.147587257875389,0.3993316596567736,0.9050038440307402,0.9664121423842164,196.91107355349908,196.51174189384233,1.0758674360876073,gdas,2025-07-29-00-00,2025-07-29-00-00,1,1,2025-07-29-01-00
upper,100.0,u,5670,3.0410742661260413,-1.012754957722188,2.3417095204930245,0.9095942598877832,-12.367231493526035,-11.354476535803848,2.8674832323316504,gdas,2025-07-29-00-00,2025-07-29-00-00,1,1,2025-07-29-01-00
upper,100.0,v,5670,2.9064291029788656,-1.4130255214367358,2.2703977969401175,0.8239178333256714,-3.604926070085738,-2.1919005486490026,2.539820664222373,gdas,2025-07-29-00-00,2025-07-29-00-00,1,1,2025-07-29-01-00
upper,100.0,wind,5670,3.0073625582248087,1.0471717894568415,2.2730061148467464,0.878853119546778,13.966715496075972,12.91954370661913,2.819159591079977,gdas,2025-07-29-00-00,2025-07-29-00-00,1,1,2025-07-29-01-00
upper,50.0,z,5670,54.20762721247578,-14.529326499118167,42.1304012345679,0.9976251169452206,204309.43136574075,204323.96069223987,52.224185196982894,gdas,2025-07-29-00-00,2025-07-29-00-00,1,1,2025-07-29-01-00
upper,50.0,q,5670,1.1363664154557874e-06,-1.13396472034096e-06,1.13396472034096e-06,-0.8273451203908115,1.7455507114797191e-06,2.879515431820679e-06,7.384201512610357e-08,gdas,2025-07-29-00-00,2025-07-29-00-00,1,1,2025-07-29-01-00
upper,50.0,t,5670,1.083994859691477,0.08509792482621666,0.8265314818690063,0.8224795408736373,208.2791122651815,208.1940143403553,1.080649433918242,gdas,2025-07-29-00-00,2025-07-29-00-00,1,1,2025-07-29-01-00
upper,50.0,u,5670,1.7785802594120437,-0.2237306439266844,1.4491845538796992,0.9487565314648675,-17.055240656921683,-16.831510012994997,1.764452418779935,gdas,2025-07-29-00-00,2025-07-29-00-00,1,1,2025-07-29-01-00
upper,50.0,v,5670,2.106289390648392,-0.6172775656409887,1.6881803143266063,0.7118955934261553,-0.7789150861367449,-0.16163752049575617,2.0138081845385147,gdas,2025-07-29-00-00,2025-07-29-00-00,1,1,2025-07-29-01-00
upper,50.0,wind,5670,1.845552129342513,0.2643687895279597,1.4964025169671455,0.9440324973127718,17.29460419560632,17.030235406078358,1.8265190404822513,gdas,2025-07-29-00-00,2025-07-29-00-00,1,1,2025-07-29-01-00
upper,1000.0,z,5670,38.25291022695113,-23.686532695036927,31.817731369529874,0.9960956234964767,-32.84077652219742,-9.154243827160494,30.037198766165417,gdas,2025-07-29-00-00,2025-07-29-00-00,3,3,2025-07-29-03-00
upper,1000.0,q,5670,0.0007903040980022273,-0.00017488476733235246,0.0006043923429067278,0.8250347957027356,0.01964662401137029,0.019821508778702646,0.0007707112854203077,gdas,2025-07-29-00-00,2025-07-29-00-00,3,3,2025-07-29-03-00
upper,1000.0,t,5670,0.6563233441774234,0.1964177126606936,0.48181010520437195,0.7164888249312793,301.7336509448931,301.53723323223244,0.6262430951837935,gdas,2025-07-29-00-00,2025-07-29-00-00,3,3,2025-07-29-03-00
upper,1000.0,u,5670,1.2104603617439398,0.2855956640442738,0.9347518544690109,0.9868660583597961,4.036671621273592,3.751075957229318,1.1762862763937951,gdas,2025-07-29-00-00,2025-07-29-00-00,3,3,2025-07-29-03-00
upper,1000.0,v,5670,1.291913674376768,-0.07779112718802281,0.9625328830152592,0.9658231312805854,4.777389342035619,4.855180469223641,1.2895694950534844,gdas,2025-07-29-00-00,2025-07-29-00-00,3,3,2025-07-29-03-00
upper,1000.0,wind,5670,1.153840908745276,0.11125793427051096,0.867057552061107,0.9617916084611643,9.84269765249747,9.73143971822696,1.1484644159729038,gdas,2025-07-29-00-00,2025-07-29-00-00,3,3,2025-07-29-03-00
upper,925.0,z,5670,37.45938275078229,-22.560594798900464,31.272269371073083,0.996728320282473,6732.791106521096,6755.351701319995,29.903593737031525,gdas,2025-07-29-00-00,2025-07-29-00-00,3,3,2025-07-29-03-00
upper,925.0,q,5670,0.001130206008087402,-4.993926009370221e-05,0.0008809106770206434,0.8343157720803203,0.016266630128160698,0.0163165693882544,0.0011291021614619973,gdas,2025-07-29-00-00,2025-07-29-00-00,3,3,2025-07-29-03-00
upper,925.0,t,5670,0.560120969168924,-0.15589079680266205,0.4349682735597856,0.8133581571893285,297.0724500545118,297.2283408513145,0.5379902969152565,gdas,2025-07-29-00-00,2025-07-29-00-00,3,3,2025-07-29-03-00
upper,925.0,u,5670,2.195545512835706,-0.06350721666684647,1.7255686056913522,0.9804183625356818,6.888700630538152,6.952207847204999,2.1946268321435043,gdas,2025-07-29-00-00,2025-07-29-00-00,3,3,2025-07-29-03-00
upper,925.0,v,5670,1.605280946851714,-0.1634050874614421,1.2018173859048984,0.9697411666320074,5.773561269357616,5.936966356819059,1.5969426087736698,gdas,2025-07-29-00-00,2025-07-29-00-00,3,3,2025-07-29-03-00
upper,925.0,wind,5670,2.167405728143546,-0.33565535525374723,1.7012325081404298,0.9423002660498124,14.071382278154042,14.40703763340779,2.1412573579275644,gdas,2025-07-29-00-00,2025-07-29-00-00,3,3,2025-07-29-03-00
upper,850.0,z,5670,37.59346000598193,-22.94813514453814,31.159605534198633,0.9967875962300473,13966.264709321953,13989.21284446649,29.776691028544064,gdas,2025-07-29-00-00,2025-07-29-00-00,3,3,2025-07-29-03-00
upper,850.0,q,5670,0.0009319165943139201,-1.9406425484129256e-05,0.0007231378067544344,0.8933264025276197,0.013558012022344457,0.013577418447828588,0.0009317145106778065,gdas,2025-07-29-00-00,2025-07-29-00-00,3,3,2025-07-29-03-00
upper,850.0,t,5670,0.4992774361641804,0.14977210581407766,0.39889718784016065,0.800090105137678,293.60941694148636,293.45964483567224,0.47628381725888397,gdas,2025-07-29-00-00,2025-07-29-00-00,3,3,2025-07-29-03-00
upper,850.0,u,5670,1.8987865496392882,-0.044365475007465904,1.4719523862451052,0.9859018118297854,7.73937344608904,7.783738921096505,1.8982681753952562,gdas,2025-07-29-00-00,2025-07-29-00-00,3,3,2025-07-29-03-00
upper,850.0,v,5670,1.6969905343551117,0.1806156127449171,1.2759815817695552,0.9513426110596042,3.998089154489089,3.8174735417441714,1.6873514376452896,gdas,2025-07-29-00-00,2025-07-29-00-00,3,3,2025-07-29-03-00
upper,850.0,wind,5670,1.869491120638642,-0.18740460997329253,1.4352662040799373,0.9501599524616654,13.861396728588966,14.048801338562258,1.8600743432205828,gdas,2025-07-29-00-00,2025-07-29-00-00,3,3,2025-07-29-03-00
upper,700.0,z,5670,35.68909408353541,-16.894230875220458,28.066052827380954,0.9957799453333518,30210.1556630291,30227.04989390432,31.43718180178036,gdas,2025-07-29-00-00,2025-07-29-00-00,3,3,2025-07-29-03-00
upper,700.0,q,5670,0.0008998520803769964,0.00015947242280570182,0.0006923227020288035,0.9423202809758972,0.009115338021896721,0.008955865599091018,0.0008856084422154568,gdas,2025-07-29-00-00,2025-07-29-00-00,3,3,2025-07-29-03-00
upper,700.0,t,5670,0.5090159071259484,-0.010091988161547895,0.38911283785703954,0.748719859187562,285.3889389845429,285.39903097270445,0.5089158530466498,gdas,2025-07-29-00-00,2025-07-29-00-00,3,3,2025-07-29-03-00
upper,700.0,u,5670,1.9811589960049603,-0.16073181616566168,1.5447043640798572,0.9830970614104975,7.098748353759658,7.25948016992532,1.9746281297306258,gdas,2025-07-29-00-00,2025-07-29-00-00,3,3,2025-07-29-03-00
upper,700.0,v,5670,1.7393958417079234,-0.4954673037879051,1.3184536506863709,0.9420840380033264,3.0369307169076416,3.5323980206955468,1.6673362123542927,gdas,2025-07-29-00-00,2025-07-29-00-00,3,3,2025-07-29-03-00
upper,700.0,wind,5670,2.037908568227193,-0.9041199751666141,1.6106805586306403,0.9228577689005043,12.246791050355,13.150911025521616,1.8263730185694618,gdas,2025-07-29-00-00,2025-07-29-00-00,3,3,2025-07-29-03-00
upper,600.0,z,5670,41.78971807787618,-18.88494750330688,33.7773933531746,0.9925588515717034,42747.69808269951,42766.58303020282,37.27920727195946,gdas,2025-07-29-00-00,2025-07-29-00-00,3,3,2025-07-29-03-00
upper,600.0,q,5670,0.0008969992917320133,0.0001661986078614471,0.0006843757359442388,0.9176437353592007,0.00650451997701757,0.006338321369156123,0.0008814679529697326,gdas,2025-07-29-00-00,2025-07-29-00-00,3,3,2025-07-29-03-00
upper,600.0,t,5670,0.5367389246582251,-0.11794917730637539,0.41733190412033594,0.8233569612470707,278.486614573107,278.6045637504134,0.5236188163311333,gdas,2025-07-29-00-00,2025-07-29-00-00,3,3,2025-07-29-03-00
upper,600.0,u,5670,1.8836636973776133,0.1818207534007084,1.4792344460569362,0.978988895017077,6.945518743266504,6.763697989865796,1.8748680322761653,gdas,2025-07-29-00-00,2025-07-29-00-00,3,3,2025-07-29-03-00
upper,600.0,v,5670,1.9889927984553573,-0.9513298623408379,1.5508016201816959,0.9173199149866023,3.0691819061415115,4.02051176848235,1.7467294711333625,gdas,2025-07-29-00-00,2025-07-29-00-00,3,3,2025-07-29-03-00
upper,600.0,wind,5670,1.9496976318301869,-0.48177484297906153,1.5238890000308518,0.9091673605429627,11.567918134967421,12.049692977946481,1.8892363156145235,gdas,2025-07-29-00-00,2025-07-29-00-00,3,3,2025-07-29-03-00
upper,500.0,z,5670,45.02866611413703,-20.458288897156084,36.24463493441358,0.9897701098977492,57158.397181230706,57178.85547012786,40.11283070812795,gdas,2025-07-29-00-00,2025-07-29-00-00,3,3,2025-07-29-03-00
upper,500.0,q,5670,0.0007521462924646485,6.577232224818292e-05,0.0005639944963308701,0.912740928834133,0.00412055036014359,0.0040547780378954075,0.0007492650044506268,gdas,2025-07-29-00-00,2025-07-29-00-00,3,3,2025-07-29-03-00
upper,500.0,t,5670,0.4995445259078987,-0.11642160836140736,0.37209835691637044,0.8887712249586243,270.6183969783615,270.7348185867229,0.48578878380535956,gdas,2025-07-29-00-00,2025-07-29-00-00,3,3,2025-07-29-03-00
upper,500.0,u,5670,1.9064132942764545,-0.2595064397211428,1.4355776758368473,0.9769148103911216,6.320774764421755,6.580281204142898,1.888668328833112,gdas,2025-07-29-00-00,2025-07-29-00-00,3,3,2025-07-29-03-00
upper,500.0,v,5670,1.9960349625089446,-0.9463566272767553,1.5659890263182041,0.9072617181195306,3.694335909684499,4.640692536961255,1.7574312804680157,gdas,2025-07-29-00-00,2025-07-29-00-00,3,3,2025-07-29-03-00
upper,500.0,wind,5670,1.9800698762664906,-0.6445857651156767,1.5084157046848923,0.9141142023899422,11.161343851649432,11.805929616765107,1.8722141721256766,gdas,2025-07-29-00-00,2025-07-29-00-00,3,3,2025-07-29-03-00
upper,400.0,z,5670,41.8979414746633,-27.150646908068783,33.815868193342155,0.9895796842824692,74220.85747147817,74248.00811838625,31.910497838292745,gdas,2025-07-29-00-00,2025-07-29-00-00,3,3,2025-07-29-03-00
upper,400.0,q,5670,0.0004467389253404598,9.698447141329586e-05,0.00033202502875881744,0.8997091161146685,0.002241375733205841,0.002144391261792545,0.0004360844869048113,gdas,2025-07-29-00-00,2025-07-29-00-00,3,3,2025-07-29-03-00
upper,400.0,t,5670,0.49391537295653914,-0.06637566245211916,0.3718978801101604,0.9249397769119925,261.09048320359864,261.15685886605075,0.48943504888477235,gdas,2025-07-29-00-00,2025-07-29-00-00,3,3,2025-07-29-03-00
upper,400.0,u,5670,1.9894842121494936,-0.14695813908936486,1.4972132032379062,0.958512817613196,4.462840021847102,4.609798160936466,1.9840490759422968,gdas,2025-07-29-00-00,2025-07-29-00-00,3,3,2025-07-29-03-00
upper,400.0,v,5670,1.7916343185926125,-0.37101199798010015,1.3697203114024334,0.9306775163558446,3.370203896607987,3.741215894588087,1.7527987987540465,gdas,2025-07-29-00-00,2025-07-29-00-00,3,3,2025-07-29-03-00
upper,400.0,wind,5670,1.8433785326376197,-0.079278003137217,1.413867334656889,0.8861135078425548,9.291984899328334,9.371262902465553,1.8416729929082956,gdas,2025-07-29-00-00,2025-07-29-00-00,3,3,2025-07-29-03-00
upper,300.0,z,5670,38.72080976321676,-23.322209821428572,31.229666832010583,0.9829346785491242,95237.98422756835,95261.30643738977,30.909151359500033,gdas,2025-07-29-00-00,2025-07-29-00-00,3,3,2025-07-29-03-00
upper,300.0,q,5670,0.00018951694971587455,5.871325130234604e-05,0.00013482310838119218,0.8811046946294796,0.0008589133687760447,0.0008002001174736988,0.00018019275332575635,gdas,2025-07-29-00-00,2025-07-29-00-00,3,3,2025-07-29-03-00
upper,300.0,t,5670,0.45643345010057623,0.005952800770916005,0.3420007507216573,0.9499174567486482,247.01534050835502,247.00938770758412,0.4563946302638726,gdas,2025-07-29-00-00,2025-07-29-00-00,3,3,2025-07-29-03-00
upper,300.0,u,5670,2.4785649323904533,0.21979074398256063,1.800745313613293,0.8777637557586137,1.4255430760207,1.2057523320381394,2.4688005494440586,gdas,2025-07-29-00-00,2025-07-29-00-00,3,3,2025-07-29-03-00
upper,300.0,v,5670,2.3560624309751454,-0.22767781641012358,1.7704051385691137,0.9280040060586117,2.435103806474852,2.662781622884976,2.345035818610716,gdas,2025-07-29-00-00,2025-07-29-00-00,3,3,2025-07-29-03-00
upper,300.0,wind,5670,2.2990377140643035,0.167245850210842,1.7018618061238238,0.8536960618244053,7.337118453382086,7.169872603171244,2.2929464093775223,gdas,2025-07-29-00-00,2025-07-29-00-00,3,3,2025-07-29-03-00
upper,250.0,z,5670,47.67553966802477,-31.001406112213402,38.47156153549383,0.9788163621582161,107914.32209476962,107945.32350088183,36.21974463884334,gdas,2025-07-29-00-00,2025-07-29-00-00,3,3,2025-07-29-03-00
upper,250.0,q,5670,9.225032310596705e-05,6.615456239984747e-06,7.058089358585918e-05,0.8278368910917742,0.00038786658919769004,0.00038125113295770527,9.201281352014057e-05,gdas,2025-07-29-00-00,2025-07-29-00-00,3,3,2025-07-29-03-00
upper,250.0,t,5670,0.5110598099985412,-0.2766338408939422,0.39367524673488824,0.9491837185666873,237.21216754274184,237.48880138363577,0.42971600792617687,gdas,2025-07-29-00-00,2025-07-29-00-00,3,3,2025-07-29-03-00
upper,250.0,u,5670,2.67982285226788,-0.14504967515851244,2.0300200874370242,0.824684947930045,-0.8245984843378554,-0.679548809179343,2.6758944506974793,gdas,2025-07-29-00-00,2025-07-29-00-00,3,3,2025-07-29-03-00
upper,250.0,v,5670,2.5934306317322973,0.5589845284806463,2.0067457082922813,0.9149108229063821,1.7204720015261434,1.1614874730454972,2.532472850501393,gdas,2025-07-29-00-00,2025-07-29-00-00,3,3,2025-07-29-03-00
upper,250.0,wind,5670,2.3640904219645753,-0.5017632108376672,1.8054936097253864,0.7762167596888454,6.6943729720965885,7.196136182934256,2.3102288205878048,gdas,2025-07-29-00-00,2025-07-29-00-00,3,3,2025-07-29-03-00
upper,200.0,z,5670,67.89291463510658,-56.80825066137566,57.40769400352734,0.9818588902645233,122715.4049988977,122772.21324955908,37.17889877933692,gdas,2025-07-29-00-00,2025-07-29-00-00,3,3,2025-07-29-03-00
upper,200.0,q,5670,3.687834698709011e-05,-1.7322771601410022e-05,2.7977632335199816e-05,0.6779038675176957,0.00012218373548641124,0.00013950650708782124,3.255662851932922e-05,gdas,2025-07-29-00-00,2025-07-29-00-00,3,3,2025-07-29-03-00
upper,200.0,t,5670,0.6586842098048136,-0.4781122143726921,0.5396559673221863,0.9373935100206949,224.9029659722007,225.38107818657338,0.45307129539823265,gdas,2025-07-29-00-00,2025-07-29-00-00,3,3,2025-07-29-03-00
upper,200.0,u,5670,3.4721275912954996,-0.9030906103485686,2.5356843333921315,0.8663836110465365,-3.1556580913340184,-2.2525674809854497,3.3526254428038538,gdas,2025-07-29-00-00,2025-07-29-00-00,3,3,2025-07-29-03-00
upper,200.0,v,5670,3.578090208527819,0.7492804072692175,2.575508156443767,0.9070866675365871,0.8723226588830431,0.12304225161382551,3.4987581241985173,gdas,2025-07-29-00-00,2025-07-29-00-00,3,3,2025-07-29-03-00
upper,200.0,wind,5670,3.394604862362425,-0.6861735103403831,2.350558204748385,0.749982496946126,8.853127652344442,9.539301162684826,3.324531257979353,gdas,2025-07-29-00-00,2025-07-29-00-00,3,3,2025-07-29-03-00
upper,150.0,z,5670,84.11829177329734,-76.10614528218694,76.23264164462081,0.98174478655141,140677.61997905644,140753.72612433863,35.82934078578947,gdas,2025-07-29-00-00,2025-07-29-00-00,3,3,2025-07-29-03-00
upper,150.0,q,5670,9.728203685236786e-06,-5.750843786846759e-06,7.042155904419964e-06,0.49893800686951434,1.887084887068831e-05,2.462169265753507e-05,7.846384051315651e-06,gdas,2025-07-29-00-00,2025-07-29-00-00,3,3,2025-07-29-03-00
upper,150.0,t,5670,0.5376915575414055,-0.12549987470031415,0.4076979622008309,0.9661853657518149,210.21563755149774,210.34113742619806,0.5228403126208881,gdas,2025-07-29-00-00,2025-07-29-00-00,3,3,2025-07-29-03-00
upper,150.0,u,5670,3.1411470614961035,-0.40961826413974983,2.460911091744269,0.929886342560448,-5.110944987591718,-4.701326723451968,3.114324604088139,gdas,2025-07-29-00-00,2025-07-29-00-00,3,3,2025-07-29-03-00
upper,150.0,v,5670,2.905950226409509,0.46501704436485414,2.1813419934151925,0.9243106206211955,-2.004900029633437,-2.4699170739982916,2.8685023735077597,gdas,2025-07-29-00-00,2025-07-29-00-00,3,3,2025-07-29-03-00
upper,150.0,wind,5670,2.8721504220646374,-0.4528261235174708,2.191234209049505,0.8786835993281485,10.682345482553572,11.135171606071044,2.83622928354289,gdas,2025-07-29-00-00,2025-07-29-00-00,3,3,2025-07-29-03-00
upper,100.0,z,5670,82.1125247534322,-73.19787670855379,74.94428047839506,0.9947347885650669,164184.27222911155,164257.4701058201,37.209374715820935,gdas,2025-07-29-00-00,2025-07-29-00-00,3,3,2025-07-29-03-00
upper,100.0,q,5670,1.0579532376747218e-06,-9.091379681256423e-07,9.607139323683252e-07,0.4397294136007616,2.5394607471627345e-06,3.4485987152883766e-06,5.410482492521393e-07,gdas,2025-07-29-00-00,2025-07-29-00-00,3,3,2025-07-29-03-00
upper,100.0,t,5670,1.173066609082876,0.45634198600863235,0.9614082995756172,0.9680153209765257,196.70531072330644,196.2489687372978,1.0806651938278082,gdas,2025-07-29-00-00,2025-07-29-00-00,3,3,2025-07-29-03-00
upper,100.0,u,5670,3.0427120431368144,-1.4719021134906345,2.4416259884624045,0.9281949267528978,-12.386993884745939,-10.915091771255305,2.663005960517477,gdas,2025-07-29-00-00,2025-07-29-00-00,3,3,2025-07-29-03-00
upper,100.0,v,5670,2.626216046884821,-0.7111634579889569,1.9955261665125372,0.8547732577642707,-2.550176128758219,-1.8390126707692627,2.5280936020916087,gdas,2025-07-29-00-00,2025-07-29-00-00,3,3,2025-07-29-03-00
upper,100.0,wind,5670,2.809250339311802,1.0275091282195057,2.194107986921038,0.8951406582801379,13.898993751185209,12.871484622965703,2.6145960415232534,gdas,2025-07-29-00-00,2025-07-29-00-00,3,3,2025-07-29-03-00
upper,50.0,z,5670,71.31429128665158,-27.682224151234568,57.3509162808642,0.9962208818269973,204329.20360036375,204356.885824515,65.72231438224155,gdas,2025-07-29-00-00,2025-07-29-00-00,3,3,2025-07-29-03-00
upper,50.0,q,5670,1.0878971561057237e-06,-1.0862703324945783e-06,1.0862703324945783e-06,-0.8005513319938513,1.792846924310116e-06,2.8791172568046944e-06,5.947257355319166e-08,gdas,2025-07-29-00-00,2025-07-29-00-00,3,3,2025-07-29-03-00
upper,50.0,t,5670,1.0666825493015166,0.1568291504336833,0.8392705443044188,0.8208893058403403,208.40156593390032,208.24473678346664,1.0550906494508572,gdas,2025-07-29-00-00,2025-07-29-00-00,3,3,2025-07-29-03-00
upper,50.0,u,5670,1.853578700239748,-0.1865455400376093,1.4360321295534701,0.941871786621318,-16.97869627362206,-16.79215073358445,1.8441677687983136,gdas,2025-07-29-00-00,2025-07-29-00-00,3,3,2025-07-29-03-00
upper,50.0,v,5670,1.9589856992036305,-0.2792775290316411,1.5661027341962397,0.7928417595423736,-0.018248982232423726,0.2610285467992174,1.9389762843991458,gdas,2025-07-29-00-00,2025-07-29-00-00,3,3,2025-07-29-03-00
upper,50.0,wind,5670,1.8959500246844903,0.20549995962493528,1.4681391132703194,0.9404510877831638,17.23612585042739,17.030625890802455,1.8847801629620546,gdas,2025-07-29-00-00,2025-07-29-00-00,3,3,2025-07-29-03-00
upper,1000.0,z,5670,71.06573648181634,-59.213054504932764,63.30837079406415,0.9933019387414873,-141.6938126067846,-82.48075810185185,39.29571322547568,gdas,2025-07-29-00-00,2025-07-29-00-00,6,6,2025-07-29-06-00
upper,1000.0,q,5670,0.0007665424529025578,-0.00019880751693190932,0.0005541896521453819,0.780739892880251,0.019819981868442877,0.020018789385374786,0.0007403127064377855,gdas,2025-07-29-00-00,2025-07-29-00-00,6,6,2025-07-29-06-00
upper,1000.0,t,5670,0.6472656465367683,0.08566761050485008,0.4780868234247547,0.7656713869820626,301.8096421552924,301.72397454478755,0.641571412780409,gdas,2025-07-29-00-00,2025-07-29-00-00,6,6,2025-07-29-06-00
upper,1000.0,u,5670,1.29110533468201,0.18989752018840644,0.9536262731624658,0.9832909622631195,4.0267272314565945,3.8368297112681877,1.2770637873930335,gdas,2025-07-29-00-00,2025-07-29-00-00,6,6,2025-07-29-06-00
upper,1000.0,v,5670,1.336660912152548,-0.2923897591178064,0.9611459155732888,0.9564808746580127,4.710929073252743,5.0033188323705495,1.3042893171530283,gdas,2025-07-29-00-00,2025-07-29-00-00,6,6,2025-07-29-06-00
upper,1000.0,wind,5670,1.2293335303938178,-0.2384247409810976,0.8929002552383553,0.9534548429629558,9.41683032228336,9.655255063264459,1.2059911159866081,gdas,2025-07-29-00-00,2025-07-29-00-00,6,6,2025-07-29-06-00
upper,925.0,z,5670,70.43439825707186,-60.11549526530809,64.42976926773314,0.9948898712979911,6626.476524135044,6686.592019400353,36.70329258857478,gdas,2025-07-29-00-00,2025-07-29-00-00,6,6,2025-07-29-06-00
upper,925.0,q,5670,0.0010707858904153698,-1.8459324999277135e-05,0.0008224737356586063,0.8613217058682622,0.016522383388555634,0.01654084271355491,0.0010706267680350642,gdas,2025-07-29-00-00,2025-07-29-00-00,6,6,2025-07-29-06-00
upper,925.0,t,5670,0.5167392631253046,-0.09794567989504106,0.4078143972568411,0.8716438484653686,297.3533248416961,297.45127052159114,0.5073717668979828,gdas,2025-07-29-00-00,2025-07-29-00-00,6,6,2025-07-29-06-00
upper,925.0,u,5670,1.963238247581465,-0.11236633883634782,1.5074662103197771,0.9848973730715854,6.988303190992728,7.100669529829076,1.9600199546594559,gdas,2025-07-29-00-00,2025-07-29-00-00,6,6,2025-07-29-06-00
upper,925.0,v,5670,1.5831857179513822,-0.3799303961329727,1.183175359908787,0.9657306341777803,5.870810938812464,6.250741334945436,1.5369222204195878,gdas,2025-07-29-00-00,2025-07-29-00-00,6,6,2025-07-29-06-00
upper,925.0,wind,5670,1.879087877812927,-0.5547298101689795,1.473392481905603,0.9625029850834874,13.773342249939521,14.3280720601085,1.7953401043405055,gdas,2025-07-29-00-00,2025-07-29-00-00,6,6,2025-07-29-06-00
upper,850.0,z,5670,72.61913877707393,-62.60273316936728,66.70319044863315,0.994704475813425,13863.675368406912,13926.27810157628,36.80267811517151,gdas,2025-07-29-00-00,2025-07-29-00-00,6,6,2025-07-29-06-00
upper,850.0,q,5670,0.0008874568500690567,3.566958028264672e-06,0.0006553538673765944,0.9000509022942209,0.013751430866042419,0.013747863908014154,0.0008874496816974564,gdas,2025-07-29-00-00,2025-07-29-00-00,6,6,2025-07-29-06-00
upper,850.0,t,5670,0.46219099064200525,0.07959374052717151,0.37185219524188434,0.8307211058126286,293.72610346610793,293.64650972558076,0.45528600714224843,gdas,2025-07-29-00-00,2025-07-29-00-00,6,6,2025-07-29-06-00
upper,850.0,u,5670,1.8247834612042255,0.06371796988410715,1.3649831158301187,0.9871219863335619,7.891670844284736,7.827952874400628,1.8236706667044689,gdas,2025-07-29-00-00,2025-07-29-00-00,6,6,2025-07-29-06-00
upper,850.0,v,5670,1.7175581561229034,-0.12345170626117859,1.302192658747052,0.943910581952157,3.989959913540822,4.113411619802001,1.7131157858958372,gdas,2025-07-29-00-00,2025-07-29-00-00,6,6,2025-07-29-06-00
upper,850.0,wind,5670,1.734351000291321,-0.32296537552396726,1.306505363433006,0.9578871875229273,13.795882052667306,14.118847428191275,1.7040148938387154,gdas,2025-07-29-00-00,2025-07-29-00-00,6,6,2025-07-29-06-00
upper,700.0,z,5670,67.4591876486978,-57.739783640597445,61.57743245012125,0.9944347586751546,30116.28084025711,30174.020623897708,34.883511625970506,gdas,2025-07-29-00-00,2025-07-29-00-00,6,6,2025-07-29-06-00
upper,700.0,q,5670,0.00090173221706507,0.00011726498322124466,0.0006791666366087644,0.9440438682363392,0.009163142699190633,0.009045877715969389,0.0008940748933971962,gdas,2025-07-29-00-00,2025-07-29-00-00,6,6,2025-07-29-06-00
upper,700.0,t,5670,0.4889350962907462,0.012863223767154432,0.38908285043437224,0.7706792185568975,285.52014294175245,285.5072797179853,0.4887658599566437,gdas,2025-07-29-00-00,2025-07-29-00-00,6,6,2025-07-29-06-00
upper,700.0,u,5670,2.0126192700175967,-0.16681648718827197,1.5642682675226236,0.9831299702221388,7.541698697540495,7.708515184728767,2.0056940408866777,gdas,2025-07-29-00-00,2025-07-29-00-00,6,6,2025-07-29-06-00
upper,700.0,v,5670,1.7373748525884545,-0.6295644363730069,1.334503360073915,0.9416268672815085,2.897269470927616,3.526833907300623,1.6192961430390342,gdas,2025-07-29-00-00,2025-07-29-00-00,6,6,2025-07-29-06-00
upper,700.0,wind,5670,2.123780056342088,-0.894012559593241,1.6746537755831112,0.9158119827545586,12.567508205095724,13.461520764688967,1.9264431657866121,gdas,2025-07-29-00-00,2025-07-29-00-00,6,6,2025-07-29-06-00
upper,600.0,z,5670,69.77373314735244,-59.53758060515873,61.99488605048501,0.992570281415794,42659.272874641756,42718.810455246916,36.382005620940916,gdas,2025-07-29-00-00,2025-07-29-00-00,6,6,2025-07-29-06-00
upper,600.0,q,5670,0.0008389102209038282,0.0002277915537229212,0.0006434756763648189,0.9264554571448512,0.006523515448500641,0.006295723894777719,0.000807391705920619,gdas,2025-07-29-00-00,2025-07-29-00-00,6,6,2025-07-29-06-00
upper,600.0,t,5670,0.5629100152057954,-0.11808366455939291,0.4472989386772142,0.8035974458719805,278.5883726062808,278.70645627084025,0.5503852590533413,gdas,2025-07-29-00-00,2025-07-29-00-00,6,6,2025-07-29-06-00
upper,600.0,u,5670,1.9297061798108002,0.15891767591632233,1.489176637144526,0.9784362180187829,7.663766854492918,7.504849178576595,1.9231513493953998,gdas,2025-07-29-00-00,2025-07-29-00-00,6,6,2025-07-29-06-00
upper,600.0,v,5670,1.9250177860790236,-1.0615287263215745,1.4863313007790997,0.9320890733345927,2.9143088439495894,3.975837570271164,1.6058798958560636,gdas,2025-07-29-00-00,2025-07-29-00-00,6,6,2025-07-29-06-00
upper,600.0,wind,5670,1.9793714482994675,-0.6184604407658347,1.5080303684425445,0.9146270179934876,11.852431863579158,12.470892304344993,1.8802707287916975,gdas,2025-07-29-00-00,2025-07-29-00-00,6,6,2025-07-29-06-00
upper,500.0,z,5670,70.11951978127084,-58.40300478119489,59.730428447420636,0.9900562085361962,57078.24826698909,57136.65127177028,38.805103876729405,gdas,2025-07-29-00-00,2025-07-29-00-00,6,6,2025-07-29-06-00
upper,500.0,q,5670,0.0007960805943721745,6.648735747520887e-05,0.000587568796364062,0.9018720808279814,0.004173183747242526,0.004106696389767317,0.0007932992777205325,gdas,2025-07-29-00-00,2025-07-29-00-00,6,6,2025-07-29-06-00
upper,500.0,t,5670,0.4960849141996765,-0.09012966256923777,0.35877760360690863,0.895149202006402,270.8110024373157,270.90113209988493,0.4878287466126363,gdas,2025-07-29-00-00,2025-07-29-00-00,6,6,2025-07-29-06-00
upper,500.0,u,5670,2.033234751846111,-0.24290667948111025,1.5270045908539174,0.973198311924756,7.290838517364266,7.533745196845376,2.0186728068654856,gdas,2025-07-29-00-00,2025-07-29-00-00,6,6,2025-07-29-06-00
upper,500.0,v,5670,2.1712973131568147,-0.9934365479811054,1.610554525370478,0.8873870569609165,3.6237823146163786,4.617218862597484,1.9307034591716532,gdas,2025-07-29-00-00,2025-07-29-00-00,6,6,2025-07-29-06-00
upper,500.0,wind,5670,2.1793223330033737,-0.782224408587682,1.63932032495432,0.8964201932864245,11.522365728539112,12.304590137126795,2.034101965422805,gdas,2025-07-29-00-00,2025-07-29-00-00,6,6,2025-07-29-06-00
upper,400.0,z,5670,70.86294314148121,-60.40181533840388,61.94437761794533,0.9851066321212341,74154.43389619158,74214.83571152999,37.05640854829508,gdas,2025-07-29-00-00,2025-07-29-00-00,6,6,2025-07-29-06-00
upper,400.0,q,5670,0.00040112876854329644,8.825161475707724e-05,0.00029730469278712603,0.9205779066470539,0.0022851629283622984,0.0021969113136052214,0.0003913003212953318,gdas,2025-07-29-00-00,2025-07-29-00-00,6,6,2025-07-29-06-00
upper,400.0,t,5670,0.4413499601097505,0.014627777584015378,0.35008393410442157,0.9352365055011018,261.2392755067748,261.2246477291908,0.44110748736768335,gdas,2025-07-29-00-00,2025-07-29-00-00,6,6,2025-07-29-06-00
upper,400.0,u,5670,1.8976684497916754,0.004821497159870423,1.4645292941540007,0.9591276644051501,5.110012090468953,5.105190593309083,1.8976623246773587,gdas,2025-07-29-00-00,2025-07-29-00-00,6,6,2025-07-29-06-00
upper,400.0,v,5670,1.8447232819398394,-0.593529788768034,1.4216689302275578,0.9215359384610712,3.1816839203954634,3.7752137091634976,1.746632868342934,gdas,2025-07-29-00-00,2025-07-29-00-00,6,6,2025-07-29-06-00
upper,400.0,wind,5670,1.8496822899639513,-0.35544223058896746,1.4370426943703773,0.869512544207362,9.21334332186814,9.568785552457106,1.8152094629877364,gdas,2025-07-29-00-00,2025-07-29-00-00,6,6,2025-07-29-06-00
upper,300.0,z,5670,61.041857663477195,-51.02456114969136,53.45802675815697,0.9789056134039378,95186.43057553461,95237.45513668431,33.50526147472389,gdas,2025-07-29-00-00,2025-07-29-00-00,6,6,2025-07-29-06-00
upper,300.0,q,5670,0.00018973849228783228,5.3551074251802755e-05,0.00013645834524734308,0.8790320431163237,0.000874047984326085,0.0008204969100742823,0.00018202466289527275,gdas,2025-07-29-00-00,2025-07-29-00-00,6,6,2025-07-29-06-00
upper,300.0,t,5670,0.4059622847424593,0.07697301524867035,0.30924426151120893,0.9649694432265601,247.2737436042261,247.19677058897742,0.3985982081706409,gdas,2025-07-29-00-00,2025-07-29-00-00,6,6,2025-07-29-06-00
upper,300.0,u,5670,2.3297112326970613,0.2796949758205885,1.7829484123506665,0.8855024518371175,2.287890388000579,2.0081954121799908,2.3128608147174745,gdas,2025-07-29-00-00,2025-07-29-00-00,6,6,2025-07-29-06-00
upper,300.0,v,5670,2.5790184155783678,-0.5748505207912001,1.8993849755437286,0.9078568473599888,2.5689263906533544,3.143776911444555,2.51413660460971,gdas,2025-07-29-00-00,2025-07-29-00-00,6,6,2025-07-29-06-00
upper,300.0,wind,5670,2.3373760275472515,0.19426396313536587,1.7702357309459023,0.8564144254671563,7.254276918428819,7.060012955293454,2.329289206341606,gdas,2025-07-29-00-00,2025-07-29-00-00,6,6,2025-07-29-06-00
upper,250.0,z,5670,67.33649418366325,-58.1103870425485,59.615609154541445,0.9804770197266565,107876.55497891865,107934.6653659612,34.02038163677364,gdas,2025-07-29-00-00,2025-07-29-00-00,6,6,2025-07-29-06-00
upper,250.0,q,5670,0.00010004032170849438,-6.784773409646661e-07,7.567796339918416e-05,0.8037401255310173,0.0003922543694530868,0.0003929328467940515,0.00010003802095222022,gdas,2025-07-29-00-00,2025-07-29-00-00,6,6,2025-07-29-06-00
upper,250.0,t,5670,0.4912217353834469,-0.2336919835004857,0.37989830138191344,0.9516566919080258,237.5823495303092,237.81604151380967,0.4320727371181082,gdas,2025-07-29-00-00,2025-07-29-00-00,6,6,2025-07-29-06-00
upper,250.0,u,5670,2.83960241314452,0.11317594409829936,2.1329445701375,0.8288249960907522,0.15886850904745609,0.045692564949156744,2.837346131583815,gdas,2025-07-29-00-00,2025-07-29-00-00,6,6,2025-07-29-06-00
upper,250.0,v,5670,2.469370331870282,0.24426183835512957,1.900590138827209,0.9172545967107301,2.2617813717580453,2.0175195334029157,2.4572598540334556,gdas,2025-07-29-00-00,2025-07-29-00-00,6,6,2025-07-29-06-00
upper,250.0,wind,5670,2.52366564480862,-0.2835533196989546,1.8723649438286893,0.8002929786903289,6.835575585984538,7.119128905683493,2.507685347422003,gdas,2025-07-29-00-00,2025-07-29-00-00,6,6,2025-07-29-06-00
upper,200.0,z,5670,92.18663069747859,-85.20039889219576,85.38197544642857,0.9856942139790628,122702.27548294202,122787.47588183421,35.20322297693819,gdas,2025-07-29-00-00,2025-07-29-00-00,6,6,2025-07-29-06-00
upper,200.0,q,5670,4.169497350721233e-05,-1.9170881056499247e-05,3.237411794312749e-05,0.6383060520264107,0.00012632613917181866,0.0001454970202283179,3.7026316793393e-05,gdas,2025-07-29-00-00,2025-07-29-00-00,6,6,2025-07-29-06-00
upper,200.0,t,5670,0.8174495233432965,-0.6360947933567054,0.6582537736842241,0.9175772493140891,225.21316202019048,225.84925681354719,0.5134268566005024,gdas,2025-07-29-00-00,2025-07-29-00-00,6,6,2025-07-29-06-00
upper,200.0,u,5670,3.327047032567314,-0.6338828209032037,2.418668054717033,0.907103542905134,-1.808414701707464,-1.1745318808042604,3.266103875610628,gdas,2025-07-29-00-00,2025-07-29-00-00,6,6,2025-07-29-06-00
upper,200.0,v,5670,3.565218102461181,0.8314376871461275,2.5886722267291638,0.9140328973350336,1.7724589796963508,0.9410212925502233,3.4669138279614047,gdas,2025-07-29-00-00,2025-07-29-00-00,6,6,2025-07-29-06-00
upper,200.0,wind,5670,3.738445464666579,-1.1360468690346603,2.5491790832352317,0.7865400543700194,8.917917497626675,10.053964366661335,3.561652987538604,gdas,2025-07-29-00-00,2025-07-29-00-00,6,6,2025-07-29-06-00
upper,150.0,z,5670,124.42504259721584,-119.61533289241622,119.65386078042329,0.9866342150733294,140677.44077380953,140797.05610670193,34.26023003944113,gdas,2025-07-29-00-00,2025-07-29-00-00,6,6,2025-07-29-06-00
upper,150.0,q,5670,1.0139870231375419e-05,-5.064504858273401e-06,7.360216324510504e-06,0.43921663432037583,2.0491313314640434e-05,2.5555818172913834e-05,8.784518134175516e-06,gdas,2025-07-29-00-00,2025-07-29-00-00,6,6,2025-07-29-06-00
upper,150.0,t,5670,0.61520346884683,-0.20608247760321938,0.4896938707462694,0.9532451657168903,210.36763174201656,210.57371421961977,0.5796596592019244,gdas,2025-07-29-00-00,2025-07-29-00-00,6,6,2025-07-29-06-00
upper,150.0,u,5670,3.737421026038661,-0.3689489177610508,3.0003333282954268,0.9162562836617221,-4.436222921908428,-4.067274004147377,3.7191655814118874,gdas,2025-07-29-00-00,2025-07-29-00-00,6,6,2025-07-29-06-00
upper,150.0,v,5670,3.1255528222018776,0.7345737085541352,2.4187774823081716,0.9277594199271118,-1.1268939092275694,-1.8614676177817047,3.0380062394727143,gdas,2025-07-29-00-00,2025-07-29-00-00,6,6,2025-07-29-06-00
upper,150.0,wind,5670,3.0671378277333656,-0.4434718453720212,2.3440739551568464,0.879987788503801,11.088627764273276,11.532099609645297,3.0349081002025886,gdas,2025-07-29-00-00,2025-07-29-00-00,6,6,2025-07-29-06-00
upper,100.0,z,5670,129.0009713418613,-117.04916776895944,118.10684523809523,0.9889218581627517,164178.77651565257,164295.8256834215,54.228617276652976,gdas,2025-07-29-00-00,2025-07-29-00-00,6,6,2025-07-29-06-00
upper,100.0,q,5670,1.037091237546452e-06,-8.378624430106532e-07,9.200846964124758e-07,0.3781553907994745,2.5910832591577836e-06,3.4289457021684366e-06,6.111830835255922e-07,gdas,2025-07-29-00-00,2025-07-29-00-00,6,6,2025-07-29-06-00
upper,100.0,t,5670,1.151583038841243,0.6115221309493669,0.9069027303598125,0.975712904947786,196.45177188853108,195.84024975758172,0.9757992512325354,gdas,2025-07-29-00-00,2025-07-29-00-00,6,6,2025-07-29-06-00
upper,100.0,u,5670,2.509590359160743,-0.8736035666558267,2.0142401650679385,0.9521099336839349,-11.260739740072314,-10.387136173416488,2.3526284405147293,gdas,2025-07-29-00-00,2025-07-29-00-00,6,6,2025-07-29-06-00
upper,100.0,v,5670,2.343730194704711,0.13518962222011843,1.7605620421009298,0.880985146244335,-1.567577116483103,-1.7027667387032215,2.3398279833386395,gdas,2025-07-29-00-00,2025-07-29-00-00,6,6,2025-07-29-06-00
upper,100.0,wind,5670,2.3787280541927274,0.5779119777407685,1.895971074176185,0.9222228220133458,13.181733446756315,12.603821469015545,2.3074585373928764,gdas,2025-07-29-00-00,2025-07-29-00-00,6,6,2025-07-29-06-00
upper,50.0,z,5670,61.632857930524224,-31.04528907627866,50.34122712742504,0.99767931791707,204322.40173473326,204353.44702380954,53.242832408263894,gdas,2025-07-29-00-00,2025-07-29-00-00,6,6,2025-07-29-06-00
upper,50.0,q,5670,1.0996075425276135e-06,-1.0967179285151077e-06,1.0967179285151077e-06,-0.7926950695694923,1.7816877178198792e-06,2.878405646334987e-06,7.966512949307336e-08,gdas,2025-07-29-00-00,2025-07-29-00-00,6,6,2025-07-29-06-00
upper,50.0,t,5670,0.931353957529511,0.14916363267040758,0.7629583691793774,0.8614173611226216,208.48896856022048,208.3398049275501,0.9193314989134496,gdas,2025-07-29-00-00,2025-07-29-00-00,6,6,2025-07-29-06-00
upper,50.0,u,5670,1.9364721436013292,0.33372690160438495,1.5722281434128105,0.9397905622296068,-16.113510751640145,-16.447237653244528,1.907498549957369,gdas,2025-07-29-00-00,2025-07-29-00-00,6,6,2025-07-29-06-00
upper,50.0,v,5670,1.5121368470022414,-0.3271996426137782,1.1695395843571008,0.8570645227827066,0.10275489426824894,0.4299545368820271,1.4763123781690972,gdas,2025-07-29-00-00,2025-07-29-00-00,6,6,2025-07-29-06-00
upper,50.0,wind,5670,1.962990846290798,-0.37480416213891987,1.595568848209959,0.9396967802114895,16.312737441903135,16.687541604042053,1.9268769817154403,gdas,2025-07-29-00-00,2025-07-29-00-00,6,6,2025-07-29-06-00
upper,1000.0,z,5670,39.278071174117855,6.193638565090388,26.5080513013944,0.9944081714068022,-32.722285431823195,-38.91592399691358,38.7866693141354,gdas,2025-07-29-00-00,2025-07-29-00-00,12,12,2025-07-29-12-00
upper,1000.0,q,5670,0.0007208889027552058,-0.000133634311010703,0.0005446656362352337,0.7830473026410932,0.020093608338786602,0.020227242649797306,0.0007083944388801336,gdas,2025-07-29-00-00,2025-07-29-00-00,12,12,2025-07-29-12-00
upper,1000.0,t,5670,0.6599731756325653,-0.3029952303232129,0.48272837213317765,0.8475153450867514,301.69725482005504,302.0002500503782,0.5863092042224104,gdas,2025-07-29-00-00,2025-07-29-00-00,12,12,2025-07-29-12-00
upper,1000.0,u,5670,1.3462866690476318,0.28979424678669613,1.0273704560108916,0.9789740082684389,3.2944297000529272,3.004635453266231,1.3147270019987798,gdas,2025-07-29-00-00,2025-07-29-00-00,12,12,2025-07-29-12-00
upper,1000.0,v,5670,1.554893178744972,-0.45044496706842957,1.0521248219334365,0.9257481931805358,5.203451481783464,5.653896448851893,1.48821776933027,gdas,2025-07-29-00-00,2025-07-29-00-00,12,12,2025-07-29-12-00
upper,1000.0,wind,5670,1.3428621093351782,-0.3619729531803225,0.9776710327762328,0.9411741425526269,8.799826566544258,9.161799519724578,1.293156690372068,gdas,2025-07-29-00-00,2025-07-29-00-00,12,12,2025-07-29-12-00
upper,925.0,z,5670,39.18905273588079,-0.5401254805307539,25.33683375874945,0.9946385783447899,6737.189585270958,6737.729710751488,39.185330403110385,gdas,2025-07-29-00-00,2025-07-29-00-00,12,12,2025-07-29-12-00
upper,925.0,q,5670,0.0010588037991557243,0.00020240841423550612,0.0008047109505907358,0.839211643460164,0.0164157317297589,0.016213323315523394,0.0010392768249861356,gdas,2025-07-29-00-00,2025-07-29-00-00,12,12,2025-07-29-12-00
upper,925.0,t,5670,0.5421178596428021,-0.21398877878878692,0.4198589129843199,0.9201083817119406,297.56576142487705,297.7797502036658,0.4980969547148191,gdas,2025-07-29-00-00,2025-07-29-00-00,12,12,2025-07-29-12-00
upper,925.0,u,5670,1.8947246357020628,0.1507316105659046,1.397967220059673,0.9840322735755686,6.501767884179083,6.351036273613178,1.8887195203927245,gdas,2025-07-29-00-00,2025-07-29-00-00,12,12,2025-07-29-12-00
upper,925.0,v,5670,1.7468649087004091,-0.8421124976647384,1.3020482921227157,0.941598966610201,6.189651091107721,7.031763588772459,1.5304847436435771,gdas,2025-07-29-00-00,2025-07-29-00-00,12,12,2025-07-29-12-00
upper,925.0,wind,5670,1.9435805796902232,-0.6519044017041283,1.4904722265998838,0.952530348333161,12.809805041757253,13.46170944346138,1.830990475340537,gdas,2025-07-29-00-00,2025-07-29-00-00,12,12,2025-07-29-12-00
upper,850.0,z,5670,39.34295375732929,-3.1524297805059525,25.75859710854828,0.9944748545111056,13979.225393466848,13982.377823247354,39.216453139343564,gdas,2025-07-29-00-00,2025-07-29-00-00,12,12,2025-07-29-12-00
upper,850.0,q,5670,0.0009336725317579308,0.00020910581455580772,0.0007193618856462432,0.8829880842553254,0.013814692077599795,0.013605586263043987,0.0009099555785192025,gdas,2025-07-29-00-00,2025-07-29-00-00,12,12,2025-07-29-12-00
upper,850.0,t,5670,0.4925565866962411,-0.1837553478422619,0.3809426928323413,0.8939649510688576,293.67810493482693,293.8618602826692,0.4569966774903522,gdas,2025-07-29-00-00,2025-07-29-00-00,12,12,2025-07-29-12-00
upper,850.0,u,5670,1.8267256605531368,-0.16252908192088786,1.4098803446984585,0.98725262886188,7.1320843556307825,7.29461343755167,1.8194809524843196,gdas,2025-07-29-00-00,2025-07-29-00-00,12,12,2025-07-29-12-00
upper,850.0,v,5670,1.86107307183832,-0.4984824487679955,1.3292882826185837,0.9124530605775427,4.2327216456898835,4.731204094457879,1.793072287163009,gdas,2025-07-29-00-00,2025-07-29-00-00,12,12,2025-07-29-12-00
upper,850.0,wind,5670,2.0555659715759718,-0.7785417928968744,1.555665278709961,0.9465965499834917,12.679503098853706,13.458044891750582,1.9024258566929722,gdas,2025-07-29-00-00,2025-07-29-00-00,12,12,2025-07-29-12-00
upper,700.0,z,5670,44.82848077321125,-13.26715942598104,32.48881396742725,0.9934419632724097,30228.122383949238,30241.389543375222,42.82026587026023,gdas,2025-07-29-00-00,2025-07-29-00-00,12,12,2025-07-29-12-00
upper,700.0,q,5670,0.0011288794700446995,4.9438774138130576e-05,0.0008405669453320614,0.911762989425419,0.009168457867585064,0.009119019093446933,0.0011277963759030796,gdas,2025-07-29-00-00,2025-07-29-00-00,12,12,2025-07-29-12-00
upper,700.0,t,5670,0.5404213379705838,-0.21618479034047067,0.431084962875124,0.8325625218654682,285.53756433988167,285.7537491302221,0.495297243036303,gdas,2025-07-29-00-00,2025-07-29-00-00,12,12,2025-07-29-12-00
upper,700.0,u,5670,1.8499441229181843,-0.25264928370609063,1.4452493022963062,0.9844784056924183,6.799923967093072,7.0525732507991625,1.8326105962157726,gdas,2025-07-29-00-00,2025-07-29-00-00,12,12,2025-07-29-12-00
upper,700.0,v,5670,2.1001044886969833,0.10016450511531434,1.555322632223788,0.8950437467358917,3.0068590122096017,2.9066945070942873,2.097714455153566,gdas,2025-07-29-00-00,2025-07-29-00-00,12,12,2025-07-29-12-00
upper,700.0,wind,5670,2.068450278451416,-0.6413615151203984,1.5004466356409223,0.9180622954148404,12.067195851416011,12.708557366536407,1.9665050117780547,gdas,2025-07-29-00-00,2025-07-29-00-00,12,12,2025-07-29-12-00
upper,600.0,z,5670,45.762917366902336,-19.682176959325396,35.24400318287037,0.9922928381056334,42778.64502487048,42798.32720182981,41.31412005684899,gdas,2025-07-29-00-00,2025-07-29-00-00,12,12,2025-07-29-12-00
upper,600.0,q,5670,0.0010290844675395945,-0.00011337643364677719,0.000738633862222483,0.8840218910698573,0.006480509672578584,0.006593886106225361,0.0010228199380266248,gdas,2025-07-29-00-00,2025-07-29-00-00,12,12,2025-07-29-12-00
upper,600.0,t,5670,0.6731901331468543,-0.3399201596645241,0.5101566886565463,0.8600004676187232,278.64960234303953,278.98952250270406,0.5810673286461078,gdas,2025-07-29-00-00,2025-07-29-00-00,12,12,2025-07-29-12-00
upper,600.0,u,5670,2.10606251137493,-0.4360343650745547,1.611426398846628,0.9744769791740381,6.967122562663265,7.40315692773782,2.0604303759877225,gdas,2025-07-29-00-00,2025-07-29-00-00,12,12,2025-07-29-12-00
upper,600.0,v,5670,2.202943033743922,-0.7165044026005836,1.5886751451780872,0.8975578508647101,2.655176953408979,3.3716813560095624,2.0831657281586735,gdas,2025-07-29-00-00,2025-07-29-00-00,12,12,2025-07-29-12-00
upper,600.0,wind,5670,2.251034853429562,-0.7188932783046768,1.6760761207544417,0.8966727653689571,11.505780951839144,12.224674230143822,2.133155026190784,gdas,2025-07-29-00-00,2025-07-29-00-00,12,12,2025-07-29-12-00
upper,500.0,z,5670,53.445758100026985,-33.72571166776896,42.61915371472663,0.990872300062633,57195.922950424385,57229.64866209215,41.461131573910436,gdas,2025-07-29-00-00,2025-07-29-00-00,12,12,2025-07-29-12-00
upper,500.0,q,5670,0.0008748325591363649,0.00014922918229917396,0.0006536016426477466,0.8754334019699473,0.00418380067182883,0.004034571489529656,0.0008620108222495824,gdas,2025-07-29-00-00,2025-07-29-00-00,12,12,2025-07-29-12-00
upper,500.0,t,5670,0.5464787057353842,-0.1493291515101411,0.423842990881972,0.8926668490716712,270.75193077773645,270.9012599292466,0.5256803024001203,gdas,2025-07-29-00-00,2025-07-29-00-00,12,12,2025-07-29-12-00
upper,500.0,u,5670,2.5286717551744853,-0.6973497892997673,1.9332574793927673,0.9610834097913692,6.8140820308783905,7.511431820178158,2.4306139382429253,gdas,2025-07-29-00-00,2025-07-29-00-00,12,12,2025-07-29-12-00
upper,500.0,v,5670,2.8554114767937433,-1.536647609903804,2.2461069313937396,0.8855326571511757,3.0193139263220146,4.555961536225818,2.406675886940814,gdas,2025-07-29-00-00,2025-07-29-00-00,12,12,2025-07-29-12-00
upper,500.0,wind,5670,2.551853322110235,-1.1365411472256373,1.897950372559582,0.8810129163536876,11.42898537152039,12.565526518746028,2.284782177413872,gdas,2025-07-29-00-00,2025-07-29-00-00,12,12,2025-07-29-12-00
upper,400.0,z,5670,52.63618213043838,-31.6333416005291,42.339429012345676,0.9869083755484354,74268.09074074074,74299.72408234127,42.07017195654084,gdas,2025-07-29-00-00,2025-07-29-00-00,12,12,2025-07-29-12-00
upper,400.0,q,5670,0.00047366537628787565,8.074439016284341e-05,0.0003681155225791048,0.8858240695736308,0.0023323417299894087,0.0022515973398265655,0.0004667325059937066,gdas,2025-07-29-00-00,2025-07-29-00-00,12,12,2025-07-29-12-00
upper,400.0,t,5670,0.4629240481466162,-0.0988898006486304,0.3523412526179453,0.939167026550277,261.03408093864533,261.13297073929397,0.4522383018720604,gdas,2025-07-29-00-00,2025-07-29-00-00,12,12,2025-07-29-12-00
upper,400.0,u,5670,2.368940619603582,0.022877324158342215,1.8655075111296653,0.9408860600011907,4.689596839519825,4.666719515361483,2.368830151624881,gdas,2025-07-29-00-00,2025-07-29-00-00,12,12,2025-07-29-12-00
upper,400.0,v,5670,3.018512526204125,-1.9138050064838752,2.4705331670596697,0.8985523810692974,2.661011204496683,4.574816210980559,2.334259683070515,gdas,2025-07-29-00-00,2025-07-29-00-00,12,12,2025-07-29-12-00
upper,400.0,wind,5670,2.2217561292992323,-0.8254109903564685,1.6917276200268767,0.8640808805032644,9.279907432277456,10.105318422633925,2.062740166641805,gdas,2025-07-29-00-00,2025-07-29-00-00,12,12,2025-07-29-12-00
upper,300.0,z,5670,58.25287697288578,-37.96395158179013,46.60097621803351,0.9813601205142464,95286.47215952932,95324.4361111111,44.18298378237556,gdas,2025-07-29-00-00,2025-07-29-00-00,12,12,2025-07-29-12-00
upper,300.0,q,5670,0.00018294896663094957,2.4698045699856355e-06,0.00013434041268351352,0.8759480242390958,0.0008931288284169427,0.0008906590238469571,0.00018293229473419497,gdas,2025-07-29-00-00,2025-07-29-00-00,12,12,2025-07-29-12-00
upper,300.0,t,5670,0.5054944326714247,-0.09546222720406884,0.38626593265163417,0.945117411550678,247.22252048445336,247.31798271165744,0.4963986146626966,gdas,2025-07-29-00-00,2025-07-29-00-00,12,12,2025-07-29-12-00
upper,300.0,u,5670,2.5099008238830836,0.18195553825120236,1.9603076520052327,0.8670610979725273,2.912794369054429,2.730838830803227,2.5032966919302027,gdas,2025-07-29-00-00,2025-07-29-00-00,12,12,2025-07-29-12-00
upper,300.0,v,5670,2.6510544660904194,-1.0567642478676385,2.040038908625143,0.9228835105953748,2.0551236405613875,3.111887888429026,2.4313245580561023,gdas,2025-07-29-00-00,2025-07-29-00-00,12,12,2025-07-29-12-00
upper,300.0,wind,5670,2.4211783947570766,-0.20418659550294738,1.861269751686621,0.8676370781444767,7.317757038687046,7.521943634189994,2.4125531400272555,gdas,2025-07-29-00-00,2025-07-29-00-00,12,12,2025-07-29-12-00
upper,250.0,z,5670,68.36304037501003,-51.09399526014109,55.89340828924162,0.9844029393141059,107976.78142361112,108027.87541887125,45.4192573439057,gdas,2025-07-29-00-00,2025-07-29-00-00,12,12,2025-07-29-12-00
upper,250.0,q,5670,9.811412418827697e-05,-6.344954572165076e-06,7.291965391169667e-05,0.7886861768275006,0.00040889864522368133,0.00041524359979584643,9.79087479069659e-05,gdas,2025-07-29-00-00,2025-07-29-00-00,12,12,2025-07-29-12-00
upper,250.0,t,5670,0.4775249749353721,-0.21427053219426875,0.359542530470214,0.9486747332537995,237.6701939375943,237.88446446978855,0.4267531379148988,gdas,2025-07-29-00-00,2025-07-29-00-00,12,12,2025-07-29-12-00
upper,250.0,u,5670,2.67307622649142,0.10381341833601553,2.0898849211514943,0.8886950208267504,1.6101407672099546,1.506327348873939,2.6710595812911024,gdas,2025-07-29-00-00,2025-07-29-00-00,12,12,2025-07-29-12-00
upper,250.0,v,5670,2.5200181904188543,0.3098116136114959,1.9785486361639315,0.9237481774759085,2.191636974913786,1.88182536130229,2.500901526272748,gdas,2025-07-29-00-00,2025-07-29-00-00,12,12,2025-07-29-12-00
upper,250.0,wind,5670,2.734974202766698,-0.035700278147254884,2.1548019450276517,0.8390868781166464,7.499442147448934,7.535142425596188,2.7347411906686054,gdas,2025-07-29-00-00,2025-07-29-00-00,12,12,2025-07-29-12-00
upper,200.0,z,5670,87.89017550031723,-72.94948261133158,73.9462570271164,0.9860019764931903,122811.13021315586,122884.0796957672,49.02097445191797,gdas,2025-07-29-00-00,2025-07-29-00-00,12,12,2025-07-29-12-00
upper,200.0,q,5670,3.688495823659569e-05,-1.325713127180584e-05,2.7544124836108647e-05,0.6284844776280447,0.00013097927163420139,0.00014423640290600723,3.4420177433556555e-05,gdas,2025-07-29-00-00,2025-07-29-00-00,12,12,2025-07-29-12-00
upper,200.0,t,5670,0.6863383887417199,-0.4738830162734582,0.5439036508926849,0.9143280638357836,225.3714811483178,225.84536416459125,0.4964829007610933,gdas,2025-07-29-00-00,2025-07-29-00-00,12,12,2025-07-29-12-00
upper,200.0,u,5670,3.5096737168446226,-0.0946526949814598,2.6675082312295677,0.918522756876931,-0.0003047280657438584,0.09434796691571594,3.508397136306363,gdas,2025-07-29-00-00,2025-07-29-00-00,12,12,2025-07-29-12-00
upper,200.0,v,5670,3.1224198420089175,0.695189423809186,2.397324373944937,0.923767734776522,1.5312396612327146,0.8360502374235285,3.0440462110150106,gdas,2025-07-29-00-00,2025-07-29-00-00,12,12,2025-07-29-12-00
upper,200.0,wind,5670,3.6140240829535766,-0.7790300921765849,2.7449454246087206,0.8432234741675625,9.333974645984167,10.113004738160752,3.529062508323107,gdas,2025-07-29-00-00,2025-07-29-00-00,12,12,2025-07-29-12-00
upper,150.0,z,5670,108.3758993546699,-97.5002342372134,97.79158675044091,0.9798914862667166,140791.18693507495,140888.68716931218,47.3184941077171,gdas,2025-07-29-00-00,2025-07-29-00-00,12,12,2025-07-29-12-00
upper,150.0,q,5670,6.736803517513333e-06,-2.376227876048067e-06,4.744017941487264e-06,0.6176077665340867,2.1678952610868875e-05,2.4055180486916942e-05,6.3038133470679565e-06,gdas,2025-07-29-00-00,2025-07-29-00-00,12,12,2025-07-29-12-00
upper,150.0,t,5670,0.5999249791543918,-0.07735323359306107,0.4687899527305859,0.9606438970491391,210.38496913472602,210.46232236831906,0.5949171857209159,gdas,2025-07-29-00-00,2025-07-29-00-00,12,12,2025-07-29-12-00
upper,150.0,u,5670,4.055671286599313,0.31556996901830037,3.2588785531869853,0.9269378257816162,-2.88809327601966,-3.2036632450379603,4.043375468541095,gdas,2025-07-29-00-00,2025-07-29-00-00,12,12,2025-07-29-12-00
upper,150.0,v,5670,3.243569612907819,0.649721997823875,2.5249017892428385,0.9197076402101487,-1.0388809623489095,-1.6886029601727843,3.1778302596776205,gdas,2025-07-29-00-00,2025-07-29-00-00,12,12,2025-07-29-12-00
upper,150.0,wind,5670,3.7621819048454035,-0.8716194043482888,3.088228122274286,0.876506469319418,10.827736396551616,11.699355800899905,3.6598213479772106,gdas,2025-07-29-00-00,2025-07-29-00-00,12,12,2025-07-29-12-00
upper,100.0,z,5670,99.1798772403729,-88.68314043209877,89.75466820987654,0.9924325672524009,164293.97102623456,164382.65416666667,44.40662847499334,gdas,2025-07-29-00-00,2025-07-29-00-00,12,12,2025-07-29-12-00
upper,100.0,q,5670,9.543174462803483e-07,-6.672195875354484e-07,8.399539690781785e-07,0.24081110629515742,2.663794920648496e-06,3.3310145081839443e-06,6.823047781483519e-07,gdas,2025-07-29-00-00,2025-07-29-00-00,12,12,2025-07-29-12-00
upper,100.0,t,5670,1.5113963192029356,1.0032262987140206,1.165867887897256,0.9741135381289796,196.75249593825566,195.74926963954167,1.1304228533025813,gdas,2025-07-29-00-00,2025-07-29-00-00,12,12,2025-07-29-12-00
upper,100.0,u,5670,2.400869868008658,0.1648440533424391,1.896799560493052,0.9616329081613078,-10.155577567182942,-10.32042162052538,2.3952040750611516,gdas,2025-07-29-00-00,2025-07-29-00-00,12,12,2025-07-29-12-00
upper,100.0,v,5670,2.640389740221725,-0.2208623307985393,2.099904240814992,0.7132801837243481,-1.630878033088208,-1.4100157022896687,2.631136220552327,gdas,2025-07-29-00-00,2025-07-29-00-00,12,12,2025-07-29-12-00
upper,100.0,wind,5670,2.354616362945775,-0.16670910456609672,1.9049476023797527,0.9371898261042708,12.163551834985732,12.33026093955183,2.348707366000873,gdas,2025-07-29-00-00,2025-07-29-00-00,12,12,2025-07-29-12-00
upper,50.0,z,5670,57.15679812256479,9.258268573633156,46.81279899691358,0.9977137067555997,204517.27500137786,204508.01673280424,56.40198608774431,gdas,2025-07-29-00-00,2025-07-29-00-00,12,12,2025-07-29-12-00
upper,50.0,q,5670,1.0574890733400275e-06,-1.0554601725610715e-06,1.0554601725610715e-06,-0.44580606056421573,1.8225759605932114e-06,2.8780361331542827e-06,6.547491405800569e-08,gdas,2025-07-29-00-00,2025-07-29-00-00,12,12,2025-07-29-12-00
upper,50.0,t,5670,0.9668033490923602,-0.18989149359378443,0.7852307328050939,0.8628866678003274,208.5237426192672,208.713634112861,0.9479714850547594,gdas,2025-07-29-00-00,2025-07-29-00-00,12,12,2025-07-29-12-00
upper,50.0,u,5670,1.5079514578988542,-0.39277822395270884,1.23145520506292,0.9485161910257381,-16.525747391618328,-16.13296916766562,1.4558993324292155,gdas,2025-07-29-00-00,2025-07-29-00-00,12,12,2025-07-29-12-00
upper,50.0,v,5670,1.80862995801482,0.015620403711247132,1.4532297496275313,0.6565742727109722,-0.6473118156174565,-0.6629322193287037,1.8085625032098247,gdas,2025-07-29-00-00,2025-07-29-00-00,12,12,2025-07-29-12-00
upper,50.0,wind,5670,1.462591253715449,0.2588143576423253,1.187150658323967,0.9477357778813718,16.610522863245908,16.351708505603582,1.4395097442265266,gdas,2025-07-29-00-00,2025-07-29-00-00,12,12,2025-07-29-12-00
upper,1000.0,z,5670,82.57487877549607,-64.7425078968943,73.28094045380016,0.9898906536006336,-33.38853137573027,31.35397652116402,51.25444640232154,gdas,2025-07-29-00-00,2025-07-29-00-00,24,24,2025-07-30-00-00
upper,1000.0,q,5670,0.0006740419590169059,4.659576893404678e-05,0.0004984336212027746,0.8594768194699314,0.019847307268963763,0.019800711500029714,0.0006724294735009711,gdas,2025-07-29-00-00,2025-07-29-00-00,24,24,2025-07-30-00-00
upper,1000.0,t,5670,0.6022186204161051,-0.06041445723706873,0.4503646420002825,0.8246895818836653,301.48489449045223,301.5453089476893,0.5991805738945708,gdas,2025-07-29-00-00,2025-07-29-00-00,24,24,2025-07-30-00-00
upper,1000.0,u,5670,1.5312372841178647,-0.12527768056399502,1.0961785499243035,0.9740146477239495,3.6173405424883915,3.7426182230523866,1.5261039030895507,gdas,2025-07-29-00-00,2025-07-29-00-00,24,24,2025-07-30-00-00
upper,1000.0,v,5670,1.635505977710526,-0.34644196218231155,1.2446196669492562,0.9345491100436447,5.288803865252033,5.635245827434344,1.5983922453409658,gdas,2025-07-29-00-00,2025-07-29-00-00,24,24,2025-07-30-00-00
upper,1000.0,wind,5670,1.680656016103493,-0.15033079005307168,1.221533284011846,0.911698793935182,9.48877121691992,9.639102006972992,1.6739191432165665,gdas,2025-07-29-00-00,2025-07-29-00-00,24,24,2025-07-30-00-00
upper,925.0,z,5670,84.34396542796514,-67.12638910418045,74.61286578035438,0.9901307841794282,6728.843294055542,6795.969683159722,51.06811519870245,gdas,2025-07-29-00-00,2025-07-29-00-00,24,24,2025-07-30-00-00
upper,925.0,q,5670,0.0010780197656373904,0.0001779644207197785,0.0008380995185411743,0.8480999771098715,0.016303256061174488,0.01612529164045471,0.0010632287054358378,gdas,2025-07-29-00-00,2025-07-29-00-00,24,24,2025-07-30-00-00
upper,925.0,t,5670,0.5434635510671005,-0.06740409407035383,0.41554555203338567,0.885412008470906,297.17094091452407,297.2383450085944,0.5392673914126627,gdas,2025-07-29-00-00,2025-07-29-00-00,24,24,2025-07-30-00-00
upper,925.0,u,5670,2.698031800170439,-1.003121804444668,1.9541538183756395,0.9727090583104236,7.168178130278932,8.1712999347236,2.504620178825247,gdas,2025-07-29-00-00,2025-07-29-00-00,24,24,2025-07-30-00-00
upper,925.0,v,5670,2.267361329309146,-0.283762521052329,1.7595292323730505,0.9134754953776394,6.165405393228907,6.449167914281237,2.2495346695022427,gdas,2025-07-29-00-00,2025-07-29-00-00,24,24,2025-07-30-00-00
upper,925.0,wind,5670,2.807491991428135,-0.8072797451064241,1.9778569442915708,0.9126122952147303,13.719486386774943,14.526766131881368,2.68892370569974,gdas,2025-07-29-00-00,2025-07-29-00-00,24,24,2025-07-30-00-00
upper,850.0,z,5670,81.74165833291495,-63.094798039296734,71.46182226218033,0.9894969753764823,13966.011825362379,14029.106623401676,51.9686941090053,gdas,2025-07-29-00-00,2025-07-29-00-00,24,24,2025-07-30-00-00
upper,850.0,q,5670,0.001264938531014224,-0.00010351517925127631,0.0008809754094010387,0.7960066617071813,0.013518873187286264,0.013622388366537539,0.0012606958772475617,gdas,2025-07-29-00-00,2025-07-29-00-00,24,24,2025-07-30-00-00
upper,850.0,t,5670,0.5726521701257499,0.023951618927916942,0.4372970527231798,0.8769636167590525,293.46418721032524,293.4402355913973,0.5721510533945233,gdas,2025-07-29-00-00,2025-07-29-00-00,24,24,2025-07-30-00-00
upper,850.0,u,5670,2.485559720759821,-0.9548560048432156,1.81304624090119,0.9763895649973385,7.946233844073782,8.901089848916998,2.2948327031569185,gdas,2025-07-29-00-00,2025-07-29-00-00,24,24,2025-07-30-00-00
upper,850.0,v,5670,2.3785961126624686,0.2787754009975485,1.9492715253026556,0.8695619107534969,4.309421901088832,4.030646500091284,2.3622031544665383,gdas,2025-07-29-00-00,2025-07-29-00-00,24,24,2025-07-30-00-00
upper,850.0,wind,5670,2.456930409274333,-0.6593151114770569,1.7559236798868219,0.9261926990215481,13.198087629943148,13.857402741420206,2.3668144455776288,gdas,2025-07-29-00-00,2025-07-29-00-00,24,24,2025-07-30-00-00
upper,700.0,z,5670,90.1738013712908,-72.92501550099206,80.68071883267196,0.9901705057151249,30197.707805266204,30270.632820767194,53.04014110019954,gdas,2025-07-29-00-00,2025-07-29-00-00,24,24,2025-07-30-00-00
upper,700.0,q,5670,0.0012723868178853598,0.00018627336329856076,0.0009945063247625441,0.8815094189819629,0.009192494739524977,0.009006221376226416,0.0012586780559197311,gdas,2025-07-29-00-00,2025-07-29-00-00,24,24,2025-07-30-00-00
upper,700.0,t,5670,0.6004856134101074,-0.24305773807370895,0.45660041122840195,0.7597707516652045,285.2603951294376,285.50345286751127,0.5490955362002184,gdas,2025-07-29-00-00,2025-07-29-00-00,24,24,2025-07-30-00-00
upper,700.0,u,5670,2.3002963902057387,-0.3574963452744526,1.866779599008947,0.9685414340861375,7.3389067248692585,7.696403070143711,2.2723467706115987,gdas,2025-07-29-00-00,2025-07-29-00-00,24,24,2025-07-30-00-00
upper,700.0,v,5670,2.080408533743988,-0.2214542307662638,1.622638500922703,0.8741944038134364,3.6945862657907935,3.9160404965570574,2.0685883328856254,gdas,2025-07-29-00-00,2025-07-29-00-00,24,24,2025-07-30-00-00
upper,700.0,wind,5670,2.550592376460681,-0.45013612390607666,2.0242327696316305,0.8667596292963567,11.86179523325479,12.311931357160868,2.5105574960183956,gdas,2025-07-29-00-00,2025-07-29-00-00,24,24,2025-07-30-00-00
upper,600.0,z,5670,94.22315771879715,-84.00906187996031,86.99215270888448,0.9936660227813979,42731.2194695905,42815.22853147046,42.667094728260096,gdas,2025-07-29-00-00,2025-07-29-00-00,24,24,2025-07-30-00-00
upper,600.0,q,5670,0.0010703603390193517,-4.9691972838315584e-05,0.0008000992279225875,0.8688223227966061,0.006225036413422572,0.006274728386260888,0.0010692062304256636,gdas,2025-07-29-00-00,2025-07-29-00-00,24,24,2025-07-30-00-00
upper,600.0,t,5670,0.6623325955375706,-0.24088992164248513,0.5167517660366374,0.8026803834729325,278.51924518672666,278.7601351083692,0.6169736726657084,gdas,2025-07-29-00-00,2025-07-29-00-00,24,24,2025-07-30-00-00
upper,600.0,u,5670,2.0626198417459074,-0.48283954595972833,1.5471168273340457,0.9716483891000247,7.165576376444028,7.648415922403756,2.0053095981472078,gdas,2025-07-29-00-00,2025-07-29-00-00,24,24,2025-07-30-00-00
upper,600.0,v,5670,1.873974710953572,-0.371374437915953,1.3225487654762609,0.916006773910626,4.232567830361439,4.603942268277392,1.836807623066753,gdas,2025-07-29-00-00,2025-07-29-00-00,24,24,2025-07-30-00-00
upper,600.0,wind,5670,2.182014186374183,-0.664605138067279,1.604546517859483,0.9061381037968715,11.51016012357776,12.174765261645039,2.0783372969738956,gdas,2025-07-29-00-00,2025-07-29-00-00,24,24,2025-07-30-00-00
upper,500.0,z,5670,98.21533432115238,-88.68161031194886,91.08565365961199,0.9930839978234224,57143.03419518849,57231.71580550044,42.21165583456044,gdas,2025-07-29-00-00,2025-07-29-00-00,24,24,2025-07-30-00-00
upper,500.0,q,5670,0.000828065561818534,-5.850440202891905e-06,0.0006116435874062155,0.8636246991189981,0.004049242552031263,0.004055092992234156,0.0008280448943259517,gdas,2025-07-29-00-00,2025-07-29-00-00,24,24,2025-07-30-00-00
upper,500.0,t,5670,0.45952086546699505,0.04916770437196869,0.3587728887218226,0.9199799367514903,270.6105960691206,270.5614283647487,0.4568828762892376,gdas,2025-07-29-00-00,2025-07-29-00-00,24,24,2025-07-30-00-00
upper,500.0,u,5670,2.1715315412864085,-0.5170057433570293,1.6105719685817312,0.968981026518641,6.937502391865014,7.454508135222043,2.1090884988870355,gdas,2025-07-29-00-00,2025-07-29-00-00,24,24,2025-07-30-00-00
upper,500.0,v,5670,2.020166513768495,0.10061948558108674,1.5060134005448673,0.9380670860165577,5.056133818185874,4.955514332604786,2.0176591541865916,gdas,2025-07-29-00-00,2025-07-29-00-00,24,24,2025-07-30-00-00
upper,500.0,wind,5670,2.334276575162139,-0.5647993121762486,1.6522828023484883,0.9254140788962745,11.659188509204258,12.223987821380508,2.2649169667596913,gdas,2025-07-29-00-00,2025-07-29-00-00,24,24,2025-07-30-00-00
upper,400.0,z,5670,100.72272822122773,-91.28145530202822,92.50428929673721,0.9898366353451891,74195.89972580467,74287.1811811067,42.57656513002344,gdas,2025-07-29-00-00,2025-07-29-00-00,24,24,2025-07-30-00-00
upper,400.0,q,5670,0.0004937802747681317,0.00011861245899829088,0.0003539840908245855,0.8523382341127405,0.002263826396665536,0.002145213937667245,0.00047932248468069013,gdas,2025-07-29-00-00,2025-07-29-00-00,24,24,2025-07-30-00-00
upper,400.0,t,5670,0.5536508095880351,-0.17284853227134314,0.4454205279207314,0.9479684311563079,260.85543534213275,261.02828387440405,0.525977759842685,gdas,2025-07-29-00-00,2025-07-29-00-00,24,24,2025-07-30-00-00
upper,400.0,u,5670,1.9188679231959493,0.16215826615664905,1.4471290804931938,0.950423587817395,4.991649059643821,4.829490793487172,1.9120038711747958,gdas,2025-07-29-00-00,2025-07-29-00-00,24,24,2025-07-30-00-00
upper,400.0,v,5670,2.1064562260130923,-0.5183154691820487,1.5340977983381698,0.9358603882288368,4.6550021995376385,5.173317668719687,2.041692167422874,gdas,2025-07-29-00-00,2025-07-29-00-00,24,24,2025-07-30-00-00
upper,400.0,wind,5670,2.165760872820953,-0.371273829468099,1.5865049838447516,0.9014684583883144,9.442893630591316,9.814167460059416,2.1337000496307508,gdas,2025-07-29-00-00,2025-07-29-00-00,24,24,2025-07-30-00-00
upper,300.0,z,5670,118.0908777140302,-107.82718529541447,108.68717757936508,0.9862314782942662,95199.61311452821,95307.44029982363,48.15343716224614,gdas,2025-07-29-00-00,2025-07-29-00-00,24,24,2025-07-30-00-00
upper,300.0,q,5670,0.00022189485676518241,4.4615745284039004e-05,0.00015495455845730745,0.7397656307295992,0.0008708545956086688,0.0008262388503246298,0.0002173632046405062,gdas,2025-07-29-00-00,2025-07-29-00-00,24,24,2025-07-30-00-00
upper,300.0,t,5670,0.4820217712487551,0.027634389564473793,0.39082299153430544,0.9536484506203878,247.18119313208095,247.15355874251645,0.4812289771732227,gdas,2025-07-29-00-00,2025-07-29-00-00,24,24,2025-07-30-00-00
upper,300.0,u,5670,2.2304450973619687,-0.17012603650989777,1.7362893448501984,0.9211758270989454,2.4071933478682026,2.5773193843781,2.2239474957937913,gdas,2025-07-29-00-00,2025-07-29-00-00,24,24,2025-07-30-00-00
upper,300.0,v,5670,3.0950383987534997,-1.268639400936466,2.346721227093874,0.9010515190833224,3.011145879106179,4.279785280042645,2.823086389069628,gdas,2025-07-29-00-00,2025-07-29-00-00,24,24,2025-07-30-00-00
upper,300.0,wind,5670,2.4239997336045507,-0.35781966442276025,1.8099732671823285,0.9041098481172937,7.541863559954864,7.8996832243776245,2.397444430277231,gdas,2025-07-29-00-00,2025-07-29-00-00,24,24,2025-07-30-00-00
upper,250.0,z,5670,111.46972488444315,-101.82840539572311,102.07321221891534,0.988972532998868,107894.23224275242,107996.06064814815,45.348378365468754,gdas,2025-07-29-00-00,2025-07-29-00-00,24,24,2025-07-30-00-00
upper,250.0,q,5670,0.0001135842563101591,2.7277131257939064e-05,8.109996698074953e-05,0.6081505043778899,0.00041020564554980927,0.0003829285142918702,0.00011026033462614323,gdas,2025-07-29-00-00,2025-07-29-00-00,24,24,2025-07-30-00-00
upper,250.0,t,5670,0.5369392243299075,0.09609526511432843,0.4275822338393546,0.92967374285157,237.6093440652945,237.51324880018015,0.528270225023718,gdas,2025-07-29-00-00,2025-07-29-00-00,24,24,2025-07-30-00-00
upper,250.0,u,5670,2.6019056696045193,0.4860347485706059,2.062155430938809,0.9445570794781322,1.1032076464207905,0.6171728978501846,2.556107066752496,gdas,2025-07-29-00-00,2025-07-29-00-00,24,24,2025-07-30-00-00
upper,250.0,v,5670,3.7022546132723053,-1.804169743448969,2.815103260408003,0.9036124494297016,2.0448852719400716,3.8490550153890406,3.232902837748043,gdas,2025-07-29-00-00,2025-07-29-00-00,24,24,2025-07-30-00-00
upper,250.0,wind,5670,2.4181489541515346,-0.5594384241817049,1.8958830239888032,0.9409751896796541,8.242779284992842,8.802217709174547,2.352546070540012,gdas,2025-07-29-00-00,2025-07-29-00-00,24,24,2025-07-30-00-00
upper,200.0,z,5670,105.57877836961133,-94.00182636133157,95.59924424052028,0.9892502542654641,122725.06239321538,122819.06421957671,48.06802557577726,gdas,2025-07-29-00-00,2025-07-29-00-00,24,24,2025-07-30-00-00
upper,200.0,q,5670,3.3641000171871495e-05,2.0013376113452447e-06,2.482521925116798e-05,0.5668974216916538,0.0001345044781986618,0.00013250314058731654,3.3581416592056874e-05,gdas,2025-07-29-00-00,2025-07-29-00-00,24,24,2025-07-30-00-00
upper,200.0,t,5670,0.5407310264340978,0.13880121005695753,0.435177296095214,0.8786465456798599,225.38242472088527,225.24362351082831,0.5226129227594715,gdas,2025-07-29-00-00,2025-07-29-00-00,24,24,2025-07-30-00-00
upper,200.0,u,5670,3.5581539111818192,0.5332033014381584,2.8380828236881808,0.9425502120685555,-0.1840773121600008,-0.7172806135981592,3.5179757666865656,gdas,2025-07-29-00-00,2025-07-29-00-00,24,24,2025-07-30-00-00
upper,200.0,v,5670,3.3385847107579454,-0.7415364325217364,2.594060392525356,0.9386909014537931,0.3468311763038396,1.088367608825576,3.2551914828700403,gdas,2025-07-29-00-00,2025-07-29-00-00,24,24,2025-07-30-00-00
upper,200.0,wind,5670,2.9815174457244717,0.0888385156611312,2.3600400479169594,0.9400509115016958,10.710136513218007,10.621297997556876,2.9801936174172483,gdas,2025-07-29-00-00,2025-07-29-00-00,24,24,2025-07-30-00-00
upper,150.0,z,5670,105.67152825446026,-87.43903494268078,93.17474371693122,0.9829641098570917,140699.11312555114,140786.55216049383,59.337063054433706,gdas,2025-07-29-00-00,2025-07-29-00-00,24,24,2025-07-30-00-00
upper,150.0,q,5670,5.495085026775398e-06,-1.1887797626637441e-06,4.051795849631246e-06,0.7278656514122175,2.276157370462698e-05,2.3950353467290728e-05,5.364956861650643e-06,gdas,2025-07-29-00-00,2025-07-29-00-00,24,24,2025-07-30-00-00
upper,150.0,t,5670,0.6308623188723982,-0.15068069000513254,0.508334170279259,0.9453679656552897,210.00669600606176,210.15737669606688,0.612603130119849,gdas,2025-07-29-00-00,2025-07-29-00-00,24,24,2025-07-30-00-00
upper,150.0,u,5670,3.9505362316033388,0.3962594740815474,3.1500599627772337,0.9287932117874195,-2.3218375843038004,-2.718097058385348,3.930612540865778,gdas,2025-07-29-00-00,2025-07-29-00-00,24,24,2025-07-30-00-00
upper,150.0,v,5670,3.7011813976289436,0.4368371969269592,2.913936222460272,0.8881423508394294,-2.0258853391903524,-2.4627225361173113,3.675311823714491,gdas,2025-07-29-00-00,2025-07-29-00-00,24,24,2025-07-30-00-00
upper,150.0,wind,5670,3.333588576444685,-0.07176770921578166,2.6514080933888673,0.8959578446704112,11.238170516901457,11.309938226117238,3.332815955452149,gdas,2025-07-29-00-00,2025-07-29-00-00,24,24,2025-07-30-00-00
upper,100.0,z,5670,143.85710669317567,-129.39126019620812,130.27961447310406,0.9814391641307108,164142.1715925375,164271.56285273368,62.87105002279585,gdas,2025-07-29-00-00,2025-07-29-00-00,24,24,2025-07-30-00-00
upper,100.0,q,5670,9.334969715312124e-07,-7.000012507929437e-07,7.798720010717981e-07,0.6216739468280632,2.761302856170181e-06,3.461304106963125e-06,6.17587924708911e-07,gdas,2025-07-29-00-00,2025-07-29-00-00,24,24,2025-07-30-00-00
upper,100.0,t,5670,1.3240199526130645,-0.4232803277447951,1.033063577049834,0.9661651988879493,195.8445215497698,196.26780187751461,1.2545368065791296,gdas,2025-07-29-00-00,2025-07-29-00-00,24,24,2025-07-30-00-00
upper,100.0,u,5670,2.0977212223310335,-0.5319323091069647,1.6343388247531978,0.9612134703005915,-8.588828474419879,-8.056896165312914,2.029158038484469,gdas,2025-07-29-00-00,2025-07-29-00-00,24,24,2025-07-30-00-00
upper,100.0,v,5670,2.830166434060716,-0.43202363636469504,2.163032695891523,0.7639647922366103,-1.9598805822300638,-1.5278569458653688,2.7969979660532784,gdas,2025-07-29-00-00,2025-07-29-00-00,24,24,2025-07-30-00-00
upper,100.0,wind,5670,2.2796497343604996,0.03269499674499995,1.7869585104033088,0.836088395993678,11.109183583943485,11.076488587198487,2.2794152646145327,gdas,2025-07-29-00-00,2025-07-29-00-00,24,24,2025-07-30-00-00
upper,50.0,z,5670,198.56370627578048,-185.9164668761023,187.8466338734568,0.9966386757009684,204253.62579502867,204439.54226190477,69.73243717439956,gdas,2025-07-29-00-00,2025-07-29-00-00,24,24,2025-07-30-00-00
upper,50.0,q,5670,1.0517762756426365e-06,-1.0481097774272087e-06,1.0481097774272087e-06,-0.86346728393328,1.8318959027552279e-06,2.8800056801824363e-06,8.7745247541863e-08,gdas,2025-07-29-00-00,2025-07-29-00-00,24,24,2025-07-30-00-00
upper,50.0,t,5670,1.3993225981033024,0.33372203281947543,1.0390951718392616,0.8676265179376149,208.52740748302855,208.1936854502091,1.3589456716047972,gdas,2025-07-29-00-00,2025-07-29-00-00,24,24,2025-07-30-00-00
upper,50.0,u,5670,2.4739727915673457,-1.0002858650537185,2.0044991092076376,0.8828124201213653,-16.04023009162311,-15.03994422656939,2.26273497378488,gdas,2025-07-29-00-00,2025-07-29-00-00,24,24,2025-07-30-00-00
upper,50.0,v,5670,1.8883647815182798,0.6565577239426414,1.477672563056992,0.6608229983793541,-0.21461434912559046,-0.871172073068232,1.7705517510679656,gdas,2025-07-29-00-00,2025-07-29-00-00,24,24,2025-07-30-00-00
upper,50.0,wind,5670,2.3918576171326507,0.840626792233446,1.920755781822493,0.8840223944429465,16.092191533536287,15.25156474130284,2.2392698490389202,gdas,2025-07-29-00-00,2025-07-29-00-00,24,24,2025-07-30-00-00
upper,1000.0,z,5670,80.27294827326655,-66.07680840601576,71.06892529038525,0.9860151679401375,106.59434183648865,172.6711502425044,45.58071538882659,gdas,2025-07-29-00-00,2025-07-29-00-00,48,48,2025-07-31-00-00
upper,1000.0,q,5670,0.0008133675488840083,4.88396915500389e-05,0.0005924705947327183,0.8165856680673714,0.019984082218400832,0.019935242526850794,0.0008118999039948686,gdas,2025-07-29-00-00,2025-07-29-00-00,48,48,2025-07-31-00-00
upper,1000.0,t,5670,0.6037454805655837,-0.12891715989962246,0.44422245732060184,0.8071382920005897,301.4463993402175,301.57531650011714,0.5898211349102225,gdas,2025-07-29-00-00,2025-07-29-00-00,48,48,2025-07-31-00-00
upper,1000.0,u,5670,1.6045276868944034,0.003649922353880746,1.1477493487075103,0.9684995960868419,2.958785686285828,2.9551357639319473,1.604523535532438,gdas,2025-07-29-00-00,2025-07-29-00-00,48,48,2025-07-31-00-00
upper,1000.0,v,5670,1.5967671813823714,-0.6261870864364836,1.2356232402816651,0.9367259739699231,4.766080690402623,5.392267776839106,1.4688618601897154,gdas,2025-07-29-00-00,2025-07-29-00-00,48,48,2025-07-31-00-00
upper,1000.0,wind,5670,1.552450661537611,-0.18548632523713848,1.1167600341231532,0.9177802501214393,8.691197175734395,8.876683500971533,1.5413299061714818,gdas,2025-07-29-00-00,2025-07-29-00-00,48,48,2025-07-31-00-00
upper,925.0,z,5670,82.27182700402433,-69.70276279348545,73.58203796709657,0.9867650389782161,6870.881540557484,6940.58430335097,43.70558748644398,gdas,2025-07-29-00-00,2025-07-29-00-00,48,48,2025-07-31-00-00
upper,925.0,q,5670,0.001336968700620006,0.00016030174330192268,0.0010234616923505667,0.7520140534922469,0.016279197669369572,0.016118895926067647,0.0013273238706253692,gdas,2025-07-29-00-00,2025-07-29-00-00,48,48,2025-07-31-00-00
upper,925.0,t,5670,0.6825831417887169,-0.020013591894186784,0.5217297185665716,0.7984795205343096,297.26605538665933,297.28606897855354,0.6822896757196671,gdas,2025-07-29-00-00,2025-07-29-00-00,48,48,2025-07-31-00-00
upper,925.0,u,5670,2.602482623939254,-0.2488519327035026,1.7739173629191396,0.9643270661101618,6.548569719469737,6.797421652173239,2.590557570002156,gdas,2025-07-29-00-00,2025-07-29-00-00,48,48,2025-07-31-00-00
upper,925.0,v,5670,1.95910288459641,-0.700274105752429,1.4912024889791768,0.9226899798283628,5.624567192076743,6.324841297829172,1.8296721808145335,gdas,2025-07-29-00-00,2025-07-29-00-00,48,48,2025-07-31-00-00
upper,925.0,wind,5670,2.4793100927153735,-0.10385001398955068,1.6860258631632734,0.9111837582539449,12.568414263251007,12.67226427724056,2.4771341728769327,gdas,2025-07-29-00-00,2025-07-29-00-00,48,48,2025-07-31-00-00
upper,850.0,z,5670,79.18404955139869,-67.05614235422178,70.00010385664683,0.9870031151365377,14109.220618558476,14176.276760912699,42.11398195289429,gdas,2025-07-29-00-00,2025-07-29-00-00,48,48,2025-07-31-00-00
upper,850.0,q,5670,0.0015041239037307291,0.00012122724690627327,0.001048258136312364,0.7281976214214855,0.013586954547731268,0.013465727300824995,0.001499230693516409,gdas,2025-07-29-00-00,2025-07-29-00-00,48,48,2025-07-31-00-00
upper,850.0,t,5670,0.545122040707085,-0.12346790993234678,0.4207991988570602,0.8717157421303551,293.44395815464134,293.5674260645737,0.5309554731628583,gdas,2025-07-29-00-00,2025-07-29-00-00,48,48,2025-07-31-00-00
upper,850.0,u,5670,2.635321515515806,-0.3116261101694124,1.836609872282077,0.9614003390930169,7.024000632615737,7.335626742785149,2.616831797728162,gdas,2025-07-29-00-00,2025-07-29-00-00,48,48,2025-07-31-00-00
upper,850.0,v,5670,1.878348965924927,-0.5213667166874312,1.5250450948006893,0.8931149092480939,3.7756998766509313,4.2970665933383625,1.8045419320486324,gdas,2025-07-29-00-00,2025-07-29-00-00,48,48,2025-07-31-00-00
upper,850.0,wind,5670,2.5462518136266103,-0.11248576832270885,1.7689906697992073,0.8881176942204635,11.84001922239102,11.952504990713727,2.543765958244125,gdas,2025-07-29-00-00,2025-07-29-00-00,48,48,2025-07-31-00-00
upper,700.0,z,5670,83.13011430512519,-75.36973896329366,75.93966531635803,0.9901684851164768,30339.929118785825,30415.29885774912,35.07161748462929,gdas,2025-07-29-00-00,2025-07-29-00-00,48,48,2025-07-31-00-00
upper,700.0,q,5670,0.0014894454748206032,-5.425898160299243e-05,0.0010178073258237746,0.7740915860357281,0.008970602217986129,0.009024861199589122,0.0014884568469992598,gdas,2025-07-29-00-00,2025-07-29-00-00,48,48,2025-07-31-00-00
upper,700.0,t,5670,0.5454194392860338,-0.060090427297763725,0.4330745878673735,0.641549051806351,285.2734590372291,285.33354946452687,0.5420991655576161,gdas,2025-07-29-00-00,2025-07-29-00-00,48,48,2025-07-31-00-00
upper,700.0,u,5670,2.15906503945753,-0.02877462655700073,1.70729302537005,0.9632703523426634,6.580747638249892,6.609522264806892,2.1588732861088102,gdas,2025-07-29-00-00,2025-07-29-00-00,48,48,2025-07-31-00-00
upper,700.0,v,5670,1.7747078841590036,-0.4397736402573409,1.4330158115445095,0.8700467131002099,3.4682428538746723,3.9080164941320135,1.7193566295073672,gdas,2025-07-29-00-00,2025-07-29-00-00,48,48,2025-07-31-00-00
upper,700.0,wind,5670,2.145023097854457,0.15256617049966964,1.6980279117936952,0.8629874465337156,10.645054668063652,10.492488497563981,2.1395905341789576,gdas,2025-07-29-00-00,2025-07-29-00-00,48,48,2025-07-31-00-00
upper,600.0,z,5670,83.07622397337197,-75.31446139219577,75.78386105599647,0.989545544829768,42875.94934895833,42951.26381035053,35.06267096040056,gdas,2025-07-29-00-00,2025-07-29-00-00,48,48,2025-07-31-00-00
upper,600.0,q,5670,0.0011124108233788884,7.237802014063644e-05,0.0008088972366117664,0.8072207311472379,0.006058779213262551,0.005986401193121915,0.0011100537203987103,gdas,2025-07-29-00-00,2025-07-29-00-00,48,48,2025-07-31-00-00
upper,600.0,t,5670,0.5999411285628378,-0.08619035993303571,0.47381426560605433,0.7063595322637031,278.60392161105256,278.6901119709856,0.5937175924594665,gdas,2025-07-29-00-00,2025-07-29-00-00,48,48,2025-07-31-00-00
upper,600.0,u,5670,1.9364413098896185,-0.16427118441244387,1.5072931364881665,0.9654165521464421,6.768359431898389,6.932630616310833,1.9294610451156442,gdas,2025-07-29-00-00,2025-07-29-00-00,48,48,2025-07-31-00-00
upper,600.0,v,5670,1.7228766829685547,0.01557056130266484,1.3359671444660037,0.873798004743891,3.741350336555503,3.7257797752528385,1.7228063217719658,gdas,2025-07-29-00-00,2025-07-29-00-00,48,48,2025-07-31-00-00
upper,600.0,wind,5670,1.815752690986975,-0.0651143327364483,1.4323892083298653,0.9053995404200116,10.291446081378508,10.356560414114957,1.8145847895589582,gdas,2025-07-29-00-00,2025-07-29-00-00,48,48,2025-07-31-00-00
upper,500.0,z,5670,82.69175647188557,-74.21083312665344,74.99634693287037,0.9868516071886617,57296.265438643626,57370.47627177028,36.47847084313741,gdas,2025-07-29-00-00,2025-07-29-00-00,48,48,2025-07-31-00-00
upper,500.0,q,5670,0.0009641622588681056,0.00015453035657965637,0.00069246834892836,0.7982992722929979,0.003774308974734948,0.0036197786181552914,0.0009516980772918542,gdas,2025-07-29-00-00,2025-07-29-00-00,48,48,2025-07-31-00-00
upper,500.0,t,5670,0.5898987331345549,0.007307065395240851,0.45323733913414904,0.7395123127395287,270.8940609079189,270.8867538425237,0.5898534751521454,gdas,2025-07-29-00-00,2025-07-29-00-00,48,48,2025-07-31-00-00
upper,500.0,u,5670,1.8505501066384669,-0.7793483071121169,1.4191145327671495,0.9736658647049085,6.728951774440325,7.508300081552441,1.6784373427033608,gdas,2025-07-29-00-00,2025-07-29-00-00,48,48,2025-07-31-00-00
upper,500.0,v,5670,1.91066714779887,0.17200580628644643,1.5340122407430379,0.8796426670596563,3.6781109365981197,3.5061051303116733,1.9029090761992855,gdas,2025-07-29-00-00,2025-07-29-00-00,48,48,2025-07-31-00-00
upper,500.0,wind,5670,1.7646510025100262,-0.7184772887723213,1.3656594800388615,0.9371402168169451,10.133401439641702,10.851878728414023,1.611764109967093,gdas,2025-07-29-00-00,2025-07-29-00-00,48,48,2025-07-31-00-00
upper,400.0,z,5670,79.1841195429349,-69.47236483134921,70.0172405478395,0.9776659764284082,74371.60153563162,74441.07390046296,37.996253927587624,gdas,2025-07-29-00-00,2025-07-29-00-00,48,48,2025-07-31-00-00
upper,400.0,q,5670,0.0005358229767355464,7.736583002571942e-05,0.0004102840056483563,0.7923641787945399,0.0019954306338603707,0.0019180648038346513,0.0005302082522388475,gdas,2025-07-29-00-00,2025-07-29-00-00,48,48,2025-07-31-00-00
upper,400.0,t,5670,0.5145446108697993,-0.0004409251810171407,0.4114454454425361,0.9097715007572433,261.14132261192145,261.14176353710246,0.5145444219502704,gdas,2025-07-29-00-00,2025-07-29-00-00,48,48,2025-07-31-00-00
upper,400.0,u,5670,2.4298920527648535,-0.176054347567983,1.9334136975794451,0.9202038615824403,4.735034534689926,4.911088882257909,2.4235057777509437,gdas,2025-07-29-00-00,2025-07-29-00-00,48,48,2025-07-31-00-00
upper,400.0,v,5670,1.939731339836367,-0.3644690954811359,1.57513043299659,0.8641359838541468,3.281915438059566,3.646384533540702,1.9051823926287346,gdas,2025-07-29-00-00,2025-07-29-00-00,48,48,2025-07-31-00-00
upper,400.0,wind,5670,2.4120971623525214,-0.62120010996671,1.93455567276909,0.8269248679282124,7.878335223849864,8.499535333816572,2.330734464499642,gdas,2025-07-29-00-00,2025-07-29-00-00,48,48,2025-07-31-00-00
upper,300.0,z,5670,80.47027887982675,-68.56114142416226,71.46961529982363,0.9512578019457578,95385.82913635361,95454.39027777778,42.128798577850674,gdas,2025-07-29-00-00,2025-07-29-00-00,48,48,2025-07-31-00-00
upper,300.0,q,5670,0.00023881740865963304,7.643637451700696e-05,0.00019526270340383423,0.7342025129859042,0.0007695828969891157,0.0006931465224721087,0.00022625480178241084,gdas,2025-07-29-00-00,2025-07-29-00-00,48,48,2025-07-31-00-00
upper,300.0,t,5670,0.7109637773267671,0.2570466164348407,0.5260195266212315,0.9090693843453804,247.22731968578628,246.97027306935144,0.6628699191018889,gdas,2025-07-29-00-00,2025-07-29-00-00,48,48,2025-07-31-00-00
upper,300.0,u,5670,2.422143511778294,-0.42394137976188506,1.8583579902164309,0.9273142683230663,1.6093906564398208,2.0333320362017058,2.3847542636874093,gdas,2025-07-29-00-00,2025-07-29-00-00,48,48,2025-07-31-00-00
upper,300.0,v,5670,2.3042837297800483,-0.6000790652124182,1.761879665469603,0.8329465176307687,2.5628585956103747,3.162937660822793,2.224776083749293,gdas,2025-07-29-00-00,2025-07-29-00-00,48,48,2025-07-31-00-00
upper,300.0,wind,5670,2.4415790049949284,-1.161290341911136,1.8779322227521613,0.8724216805464863,5.890306774766189,7.051597116677324,2.147722696116969,gdas,2025-07-29-00-00,2025-07-29-00-00,48,48,2025-07-31-00-00
upper,250.0,z,5670,59.609876654619434,-40.13575493276014,49.531188684964725,0.9513810492514059,108089.73108810074,108129.86684303351,44.0733317410468,gdas,2025-07-29-00-00,2025-07-29-00-00,48,48,2025-07-31-00-00
upper,250.0,q,5670,0.00011031069246306087,3.3964182130372967e-05,8.560067605703262e-05,0.7017725317981501,0.00038266023611402975,0.0003486960539836568,0.00010495181372370298,gdas,2025-07-29-00-00,2025-07-29-00-00,48,48,2025-07-31-00-00
upper,250.0,t,5670,0.8299272071543303,0.49675800653151525,0.6592633861292817,0.8707154022214013,237.76798967768485,237.27123167115334,0.6648388166479314,gdas,2025-07-29-00-00,2025-07-29-00-00,48,48,2025-07-31-00-00
upper,250.0,u,5670,3.0533270503654175,0.424137155347006,2.4540360886367067,0.9289644212222113,-0.6359895997097621,-1.0601267550567681,3.0237251445770217,gdas,2025-07-29-00-00,2025-07-29-00-00,48,48,2025-07-31-00-00
upper,250.0,v,5670,4.295398145964194,-1.4045257304974124,3.268467172989507,0.5984191229904265,0.4744916368571539,1.8790173673545663,4.059279825871007,gdas,2025-07-29-00-00,2025-07-29-00-00,48,48,2025-07-31-00-00
upper,250.0,wind,5670,2.924129981925145,-1.0600205748510196,2.3539695127427325,0.8768398458115562,6.856885320631591,7.916905895482611,2.7252325647705855,gdas,2025-07-29-00-00,2025-07-29-00-00,48,48,2025-07-31-00-00
upper,200.0,z,5670,65.52975890110729,-12.796544312169312,51.137928516313934,0.9347763409775857,122929.23017526454,122942.02671957672,64.26817062359825,gdas,2025-07-29-00-00,2025-07-29-00-00,48,48,2025-07-31-00-00
upper,200.0,q,5670,3.0068181422770826e-05,3.036170279715431e-06,2.2380046418719304e-05,0.6833594634608162,0.0001270738315203569,0.00012403766124064144,2.9914498225864216e-05,gdas,2025-07-29-00-00,2025-07-29-00-00,48,48,2025-07-31-00-00
upper,200.0,t,5670,0.6274298843763688,0.3860374988912485,0.4896692279364907,0.8692799646471601,225.52543525628522,225.13939775739397,0.49461430353188623,gdas,2025-07-29-00-00,2025-07-29-00-00,48,48,2025-07-31-00-00
upper,200.0,u,5670,3.8848404967010834,0.6957968241927696,3.0047423712291623,0.9213900748209445,-2.587009911375807,-3.2828067355685766,3.822022038692605,gdas,2025-07-29-00-00,2025-07-29-00-00,48,48,2025-07-31-00-00
upper,200.0,v,5670,3.828174572416769,-0.6510178969217041,3.179371836459563,0.8120241051678204,-1.6669834451056766,-1.0159655481839727,3.7724125244710383,gdas,2025-07-29-00-00,2025-07-29-00-00,48,48,2025-07-31-00-00
upper,200.0,wind,5670,3.5549946669444874,-0.7144312469830509,2.8047556778543963,0.8838494529088589,9.125758521142561,9.840189768125613,3.4824668089355844,gdas,2025-07-29-00-00,2025-07-29-00-00,48,48,2025-07-31-00-00
upper,150.0,z,5670,64.11680873608663,6.389419367283951,49.99325534611993,0.9515079735091352,140908.9164255401,140902.52700617284,63.79765264215362,gdas,2025-07-29-00-00,2025-07-29-00-00,48,48,2025-07-31-00-00
upper,150.0,q,5670,4.951299012583768e-06,-3.359096261728214e-07,3.6553954909983653e-06,0.7457052521796099,2.25998808687903e-05,2.293579049496312e-05,4.939891358628996e-06,gdas,2025-07-29-00-00,2025-07-29-00-00,48,48,2025-07-31-00-00
upper,150.0,t,5670,0.5862771026940121,-0.17048253727127424,0.4496289019441689,0.922864052653815,209.86376737295214,210.03424991022342,0.5609425510948816,gdas,2025-07-29-00-00,2025-07-29-00-00,48,48,2025-07-31-00-00
upper,150.0,u,5670,3.855544603901812,-0.33620719794032855,3.068614068085975,0.9338191239074988,-4.751151655948141,-4.414944458007812,3.840857835527044,gdas,2025-07-29-00-00,2025-07-29-00-00,48,48,2025-07-31-00-00
upper,150.0,v,5670,3.7355556783955532,0.8251731668022417,3.0991058712552517,0.8639264619039274,-3.0987968138042947,-3.9239699806065365,3.6432767491892273,gdas,2025-07-29-00-00,2025-07-29-00-00,48,48,2025-07-31-00-00
upper,150.0,wind,5670,3.559607308850186,-1.0120002994688317,2.956441045499005,0.9115459618592363,10.620830382899149,11.63283068236798,3.4127202620628987,gdas,2025-07-29-00-00,2025-07-29-00-00,48,48,2025-07-31-00-00
upper,100.0,z,5670,107.14827910346614,-74.52386739417989,87.82546571869489,0.9898690303847618,164302.0576140873,164376.5814814815,76.98666704987929,gdas,2025-07-29-00-00,2025-07-29-00-00,48,48,2025-07-31-00-00
upper,100.0,q,5670,7.148404802588099e-07,-5.011200727818742e-07,5.884303235820536e-07,0.7035500130351942,2.796564349967298e-06,3.2976844227491717e-06,5.09779937690505e-07,gdas,2025-07-29-00-00,2025-07-29-00-00,48,48,2025-07-31-00-00
upper,100.0,t,5670,1.5606125713634245,-0.9754672970511085,1.229165357424889,0.960364091103029,195.0125606839619,195.988027981013,1.2181851871868103,gdas,2025-07-29-00-00,2025-07-29-00-00,48,48,2025-07-31-00-00
upper,100.0,u,5670,2.976673994295362,0.23103091897577627,2.3931665284293038,0.9234714116291091,-9.775926216905921,-10.006957135881697,2.9676948601214903,gdas,2025-07-29-00-00,2025-07-29-00-00,48,48,2025-07-31-00-00
upper,100.0,v,5670,2.908484410991279,0.03668448982277402,2.401400949788564,0.6878304630065205,-2.7815538105881745,-2.8182383004109486,2.9082530524673618,gdas,2025-07-29-00-00,2025-07-29-00-00,48,48,2025-07-31-00-00
upper,100.0,wind,5670,3.1405185647705745,-0.744112151078517,2.4887295911392373,0.8189537576577071,11.72120548090873,12.465317631987247,3.0510906184979056,gdas,2025-07-29-00-00,2025-07-29-00-00,48,48,2025-07-31-00-00
upper,50.0,z,5670,185.44713545042947,-168.68811177248676,168.72041721781306,0.9960570357132575,204248.11640762788,204416.80451940035,77.03869802510259,gdas,2025-07-29-00-00,2025-07-29-00-00,48,48,2025-07-31-00-00
upper,50.0,q,5670,9.670146747771719e-07,-9.659496145629965e-07,9.659496145629965e-07,-0.5815102373807697,1.9168296406113778e-06,2.8827792551743744e-06,4.53731568220424e-08,gdas,2025-07-29-00-00,2025-07-29-00-00,48,48,2025-07-31-00-00
upper,50.0,t,5670,1.1745328657216547,0.5753389456074495,0.9628788929557464,0.8383764247671267,208.78468980604168,208.20935086043423,1.0239690182459775,gdas,2025-07-29-00-00,2025-07-29-00-00,48,48,2025-07-31-00-00
upper,50.0,u,5670,2.4928444470627333,-0.8469249200568628,2.0377024986966785,0.9378826850751737,-19.905460099988932,-19.058535179932072,2.3445664027785993,gdas,2025-07-29-00-00,2025-07-29-00-00,48,48,2025-07-31-00-00
upper,50.0,v,5670,2.2783522372868643,0.4599711980984827,1.9100662231423549,0.6657826057720921,-1.0700325113750346,-1.5300037094735175,2.231437970025137,gdas,2025-07-29-00-00,2025-07-29-00-00,48,48,2025-07-31-00-00
upper,50.0,wind,5670,2.3421809566148446,0.6291815182295333,1.9036625557511306,0.9425076458767683,19.967512697621302,19.33833117939177,2.2560900360241853,gdas,2025-07-29-00-00,2025-07-29-00-00,48,48,2025-07-31-00-00
upper,1000.0,z,5670,67.4301608426427,-43.19878287071484,56.57494785638503,0.9720152475115512,243.79209152302414,286.990874393739,51.77539714723103,gdas,2025-07-29-00-00,2025-07-29-00-00,72,72,2025-08-01-00-00
upper,1000.0,q,5670,0.0007929408608208312,1.820026349926752e-05,0.0005466293464735072,0.7386276864090213,0.01999369200263205,0.019975491739132784,0.000792731959219406,gdas,2025-07-29-00-00,2025-07-29-00-00,72,72,2025-08-01-00-00
upper,1000.0,t,5670,0.5951617281946374,-0.17133730126436425,0.4451753350582493,0.8163783761415752,301.2256550111047,301.3969923123691,0.5699657988889087,gdas,2025-07-29-00-00,2025-07-29-00-00,72,72,2025-08-01-00-00
upper,1000.0,u,5670,1.6188742099191011,-0.4201654691245847,1.2080679673974186,0.9570175495751501,2.7352977155886813,3.155463184713266,1.5633984412479474,gdas,2025-07-29-00-00,2025-07-29-00-00,72,72,2025-08-01-00-00
upper,1000.0,v,5670,1.7415573306319974,-0.40022637789816035,1.3371935010863045,0.9217616727441635,4.142588691606566,4.5428150695047265,1.6949456576281632,gdas,2025-07-29-00-00,2025-07-29-00-00,72,72,2025-08-01-00-00
upper,1000.0,wind,5670,1.6414008013831431,0.04447954818853519,1.2064900003351087,0.8989092613679608,7.735747003572223,7.691267455383689,1.6407980255272638,gdas,2025-07-29-00-00,2025-07-29-00-00,72,72,2025-08-01-00-00
upper,925.0,z,5670,68.95643409325034,-46.94629018201609,58.07668564677028,0.9721934871591336,7004.40265661169,7051.348946793706,50.50777802480245,gdas,2025-07-29-00-00,2025-07-29-00-00,72,72,2025-08-01-00-00
upper,925.0,q,5670,0.000975171633799943,8.68524281830384e-05,0.0007443499348965692,0.8625243557387711,0.016258697101856193,0.016171844673673153,0.0009712962324063449,gdas,2025-07-29-00-00,2025-07-29-00-00,72,72,2025-08-01-00-00
upper,925.0,t,5670,0.5937277870963579,-0.06954035145054839,0.42042848294374174,0.8037908564136792,297.103119224804,297.17265957625455,0.5896412677980335,gdas,2025-07-29-00-00,2025-07-29-00-00,72,72,2025-08-01-00-00
upper,925.0,u,5670,2.2002603000011423,-0.40778399062009507,1.6352341801979344,0.9638021250126225,6.091275045338762,6.499059035958857,2.162141902085769,gdas,2025-07-29-00-00,2025-07-29-00-00,72,72,2025-08-01-00-00
upper,925.0,v,5670,2.238591161092856,-0.32762802196321666,1.7164261318979754,0.8913119923666635,4.670500599240762,4.998128621203979,2.214486456438046,gdas,2025-07-29-00-00,2025-07-29-00-00,72,72,2025-08-01-00-00
upper,925.0,wind,5670,2.188416091322514,0.3090846732081567,1.6170104460876784,0.9160093829564889,10.904415022544384,10.595330349336226,2.166479091417021,gdas,2025-07-29-00-00,2025-07-29-00-00,72,72,2025-08-01-00-00
upper,850.0,z,5670,67.21033553242586,-45.47675901813272,56.28868617035935,0.9717191302600405,14239.296584786982,14284.773343805115,49.488317728408894,gdas,2025-07-29-00-00,2025-07-29-00-00,72,72,2025-08-01-00-00
upper,850.0,q,5670,0.0010901170389607253,0.0001492806740689898,0.0008074319046779127,0.8086525875600401,0.013621640857883994,0.013472360183815004,0.0010798474146757992,gdas,2025-07-29-00-00,2025-07-29-00-00,72,72,2025-08-01-00-00
upper,850.0,t,5670,0.5776674345144452,-0.2134754026167397,0.42869514317319085,0.812705279625737,293.24845933863725,293.46193474125397,0.5367754813477622,gdas,2025-07-29-00-00,2025-07-29-00-00,72,72,2025-08-01-00-00
upper,850.0,u,5670,2.197765903688405,-0.4342327674282501,1.6882936915234914,0.9623459932960036,6.412153509974059,6.846386277402309,2.1544411969480426,gdas,2025-07-29-00-00,2025-07-29-00-00,72,72,2025-08-01-00-00
upper,850.0,v,5670,2.2917017613379187,-0.2705573651118358,1.8508606168551525,0.8319206499188146,3.034485721187354,3.30504308629919,2.2756747735788307,gdas,2025-07-29-00-00,2025-07-29-00-00,72,72,2025-08-01-00-00
upper,850.0,wind,5670,2.173123747765133,0.15698842711624458,1.654466050083033,0.893079037786448,10.244002578160185,10.08701415104394,2.167445837120814,gdas,2025-07-29-00-00,2025-07-29-00-00,72,72,2025-08-01-00-00
upper,700.0,z,5670,76.96912971102792,-59.77361111111111,65.24428771219135,0.9737198882967754,30456.806197641094,30516.579808752205,48.49084803559012,gdas,2025-07-29-00-00,2025-07-29-00-00,72,72,2025-08-01-00-00
upper,700.0,q,5670,0.0014363280890059083,0.0001118053111569657,0.0010288561651001912,0.7084102146319156,0.008909975220691544,0.008798169909534578,0.0014319699548749122,gdas,2025-07-29-00-00,2025-07-29-00-00,72,72,2025-08-01-00-00
upper,700.0,t,5670,0.5060906549006661,-0.22417457755490797,0.39581085151255235,0.669815798305183,285.00274997825557,285.22692455581046,0.45373286166627125,gdas,2025-07-29-00-00,2025-07-29-00-00,72,72,2025-08-01-00-00
upper,700.0,u,5670,1.868455264049391,-0.44189862689328574,1.4656147463559264,0.9632214920026254,6.06642471152954,6.508323338422826,1.815447789748774,gdas,2025-07-29-00-00,2025-07-29-00-00,72,72,2025-08-01-00-00
upper,700.0,v,5670,1.7119023846842798,-0.5920647365259536,1.3265279987422878,0.895415985271339,2.729099564517091,3.3211643010430447,1.6062593571556798,gdas,2025-07-29-00-00,2025-07-29-00-00,72,72,2025-08-01-00-00
upper,700.0,wind,5670,1.7491300831012138,-0.03649091594049914,1.4083883764433924,0.9020961988050994,9.110893826109026,9.147384742049523,1.7487493990459244,gdas,2025-07-29-00-00,2025-07-29-00-00,72,72,2025-08-01-00-00
upper,600.0,z,5670,79.50027698719809,-67.92985869984568,69.62808056382275,0.9798507837302565,42981.97503823578,43049.90489693562,41.301674760961184,gdas,2025-07-29-00-00,2025-07-29-00-00,72,72,2025-08-01-00-00
upper,600.0,q,5670,0.0011408235170737484,0.00019431567678599235,0.0008193135067920745,0.7793142164013295,0.0058290081300708665,0.005634692453284874,0.0011241528876730776,gdas,2025-07-29-00-00,2025-07-29-00-00,72,72,2025-08-01-00-00
upper,600.0,t,5670,0.6441726246097149,-0.3388608175610739,0.5184597466147556,0.738653686448203,278.35993177356755,278.6987925911286,0.5478427845818628,gdas,2025-07-29-00-00,2025-07-29-00-00,72,72,2025-08-01-00-00
upper,600.0,u,5670,1.8965763673843448,-0.18786733533917702,1.5108974157581254,0.9424875557987595,6.370627455896907,6.558494791236083,1.8872487333770696,gdas,2025-07-29-00-00,2025-07-29-00-00,72,72,2025-08-01-00-00
upper,600.0,v,5670,1.4860907611492984,-0.01686600321604882,1.1492543569843185,0.9030349557831076,2.680440591767141,2.69730659498319,1.4859950498937797,gdas,2025-07-29-00-00,2025-07-29-00-00,72,72,2025-08-01-00-00
upper,600.0,wind,5670,1.8163235532875237,0.07347848712691477,1.4833749393916504,0.8951392794087086,8.613419196306442,8.539940709179527,1.8148366764413144,gdas,2025-07-29-00-00,2025-07-29-00-00,72,72,2025-08-01-00-00
upper,500.0,z,5670,82.78605501775233,-74.17504650297619,75.50714389054232,0.9806165770446167,57391.47274340002,57465.647789903,36.76402292573048,gdas,2025-07-29-00-00,2025-07-29-00-00,72,72,2025-08-01-00-00
upper,500.0,q,5670,0.0010539046629646231,0.0001242561759256776,0.0007576315418502556,0.7557508885785399,0.0036191497955751946,0.0034948936196495172,0.0010465540795214087,gdas,2025-07-29-00-00,2025-07-29-00-00,72,72,2025-08-01-00-00
upper,500.0,t,5670,0.709202701008033,-0.09264921158079117,0.5122105001352031,0.7370329553775465,270.8009079517721,270.8935571633529,0.703124878460823,gdas,2025-07-29-00-00,2025-07-29-00-00,72,72,2025-08-01-00-00
upper,500.0,u,5670,2.700347002161325,0.5002185330609585,2.11229268905347,0.8642352255568004,5.857212865941318,5.35699433288036,2.6536117559401937,gdas,2025-07-29-00-00,2025-07-29-00-00,72,72,2025-08-01-00-00
upper,500.0,v,5670,1.99045106164256,0.444272234338472,1.487138009751035,0.8174120781311449,2.390999307510044,1.9467270731715718,1.9402364831612395,gdas,2025-07-29-00-00,2025-07-29-00-00,72,72,2025-08-01-00-00
upper,500.0,wind,5670,2.612393825968336,0.4882655438200706,2.0658565012804035,0.7689185322793063,7.832834923051935,7.3445693792318645,2.5663589500838673,gdas,2025-07-29-00-00,2025-07-29-00-00,72,72,2025-08-01-00-00
upper,400.0,z,5670,88.54353740390245,-76.47463142085537,77.81921089616402,0.9596251434605795,74458.8133398093,74535.28797123017,44.62722000125696,gdas,2025-07-29-00-00,2025-07-29-00-00,72,72,2025-08-01-00-00
upper,400.0,q,5670,0.0006207940341414796,0.0002256220181210203,0.00046818864312792046,0.7670093500367442,0.0018188302444419955,0.0015932082263209752,0.0005783424052969405,gdas,2025-07-29-00-00,2025-07-29-00-00,72,72,2025-08-01-00-00
upper,400.0,t,5670,0.6466832179038479,-0.1251649940665647,0.5195300174558394,0.8713451803881243,260.87990423939215,261.0050692334587,0.6344548120857721,gdas,2025-07-29-00-00,2025-07-29-00-00,72,72,2025-08-01-00-00
upper,400.0,u,5670,2.428049960088452,-0.5570210557647799,1.8650369651694463,0.8903771101422419,3.868878104038392,4.425899159803172,2.363293073683461,gdas,2025-07-29-00-00,2025-07-29-00-00,72,72,2025-08-01-00-00
upper,400.0,v,5670,2.621365003754286,0.25254982357460354,1.8349752954048033,0.795269789903723,2.3037373502707568,2.051187526696153,2.609170954445137,gdas,2025-07-29-00-00,2025-07-29-00-00,72,72,2025-08-01-00-00
upper,400.0,wind,5670,2.514036637450941,-1.0736186812386272,1.9297819509864136,0.7759878623122543,6.436869702285901,7.510488383524527,2.2732626644849177,gdas,2025-07-29-00-00,2025-07-29-00-00,72,72,2025-08-01-00-00
upper,300.0,z,5670,98.59217393190954,-80.84680610670193,85.23075947971782,0.9457487244034327,95441.24587466932,95522.09268077601,56.428810929925184,gdas,2025-07-29-00-00,2025-07-29-00-00,72,72,2025-08-01-00-00
upper,300.0,q,5670,0.000282858753382551,0.0001310804966120916,0.00022349858236804233,0.7171939436891523,0.0007027369289598087,0.0005716564323477171,0.0002506531024604688,gdas,2025-07-29-00-00,2025-07-29-00-00,72,72,2025-08-01-00-00
upper,300.0,t,5670,0.7197630489822743,0.2283315547559627,0.5865622236194644,0.8861833088337614,246.82916861370967,246.60083705895372,0.6825859270326224,gdas,2025-07-29-00-00,2025-07-29-00-00,72,72,2025-08-01-00-00
upper,300.0,u,5670,3.2484516085256296,0.6944057549354892,2.60460537455227,0.8846984772163202,0.6559342302579098,-0.03847152467757937,3.1733639092365724,gdas,2025-07-29-00-00,2025-07-29-00-00,72,72,2025-08-01-00-00
upper,300.0,v,5670,2.3726135895825244,-0.3144387807519663,1.8950503562637844,0.8128738967767843,1.1735177342288814,1.4879565149808476,2.3516852465053413,gdas,2025-07-29-00-00,2025-07-29-00-00,72,72,2025-08-01-00-00
upper,300.0,wind,5670,2.8663434408592456,-1.5212730046976852,2.312728817983997,0.8097234528829058,5.497258169140508,7.018531173838194,2.4293318353273388,gdas,2025-07-29-00-00,2025-07-29-00-00,72,72,2025-08-01-00-00
upper,250.0,z,5670,89.20952730690456,-47.40998401675485,67.7897514329806,0.9350868652972127,108130.4054039903,108177.81538800706,75.56873148235586,gdas,2025-07-29-00-00,2025-07-29-00-00,72,72,2025-08-01-00-00
upper,250.0,q,5670,0.00012137074048647961,4.956973606996052e-05,9.716527416021819e-05,0.6861887488655615,0.0003671313024821277,0.0003175615664121672,0.00011078672263493868,gdas,2025-07-29-00-00,2025-07-29-00-00,72,72,2025-08-01-00-00
upper,250.0,t,5670,1.056051482055927,0.6624662920701231,0.8831196578091415,0.762664882706843,237.5502011697759,236.88773487770578,0.8224251604999585,gdas,2025-07-29-00-00,2025-07-29-00-00,72,72,2025-08-01-00-00
upper,250.0,u,5670,3.907159379796822,0.884331490948297,2.983789344439431,0.9228836513142631,-1.950834910048589,-2.835166400996886,3.8057656566388123,gdas,2025-07-29-00-00,2025-07-29-00-00,72,72,2025-08-01-00-00
upper,250.0,v,5670,3.789293660699239,-1.845222618292715,2.8867400193444044,0.6966592382118368,-0.6613703784854784,1.1838522398072366,3.309667647356215,gdas,2025-07-29-00-00,2025-07-29-00-00,72,72,2025-08-01-00-00
upper,250.0,wind,5670,3.345736940743227,-1.0307858397420366,2.4546960121153942,0.8773543317718319,8.005685107970885,9.036470947712923,3.1829917105203327,gdas,2025-07-29-00-00,2025-07-29-00-00,72,72,2025-08-01-00-00
upper,200.0,z,5670,105.57761822979751,-11.654976851851853,77.80204750881835,0.9108609591805837,122956.00582561728,122967.66080246914,104.93233527211557,gdas,2025-07-29-00-00,2025-07-29-00-00,72,72,2025-08-01-00-00
upper,200.0,q,5670,3.533371290066824e-05,9.815919323830198e-06,2.6903235507466644e-05,0.5772687043162105,0.00012402709758824475,0.00011421117826441454,3.3942878416170106e-05,gdas,2025-07-29-00-00,2025-07-29-00-00,72,72,2025-08-01-00-00
upper,200.0,t,5670,0.7014845131345415,0.43009071417376266,0.5559438284953014,0.7804799772876414,225.29777287881842,224.86768216464463,0.5541682955105854,gdas,2025-07-29-00-00,2025-07-29-00-00,72,72,2025-08-01-00-00
upper,200.0,u,5670,4.462191010911489,1.2736997094971163,3.24908133651897,0.9341446745149155,-3.7695572028688864,-5.043256912366003,4.276545062066605,gdas,2025-07-29-00-00,2025-07-29-00-00,72,72,2025-08-01-00-00
upper,200.0,v,5670,4.515794156060224,-2.122874507356297,3.6919995998392108,0.730951482900164,-2.8603282734945523,-0.7374537661382551,3.9856995227844796,gdas,2025-07-29-00-00,2025-07-29-00-00,72,72,2025-08-01-00-00
upper,200.0,wind,5670,4.007846292786212,-0.9254478904672901,2.9755995258238004,0.8804333295506211,10.67662303741085,11.602070927878142,3.8995356273061326,gdas,2025-07-29-00-00,2025-07-29-00-00,72,72,2025-08-01-00-00
upper,150.0,z,5670,99.45961453088799,20.8682705026455,80.26204805996473,0.920377857019654,140933.37492835097,140912.50665784834,97.24572077403324,gdas,2025-07-29-00-00,2025-07-29-00-00,72,72,2025-08-01-00-00
upper,150.0,q,5670,6.251233690118723e-06,1.2971859407101989e-06,4.5988173051556765e-06,0.612146851315136,2.1018128766060312e-05,1.972094282535011e-05,6.115164043891149e-06,gdas,2025-07-29-00-00,2025-07-29-00-00,72,72,2025-08-01-00-00
upper,150.0,t,5670,0.5670054963003806,0.08559293259178309,0.43047380800600404,0.9426106578248316,210.09408414998802,210.00849121739626,0.5605078792712724,gdas,2025-07-29-00-00,2025-07-29-00-00,72,72,2025-08-01-00-00
upper,150.0,u,5670,3.8748282074915976,1.0848785112984807,3.077189293088526,0.9514660132178097,-5.353910450014488,-6.4387889613129685,3.71985648288954,gdas,2025-07-29-00-00,2025-07-29-00-00,72,72,2025-08-01-00-00
upper,150.0,v,5670,5.090967209825718,-2.5788852812489083,4.18142215153843,0.5978710273584597,-4.920562314204018,-2.341677032955109,4.389453022607531,gdas,2025-07-29-00-00,2025-07-29-00-00,72,72,2025-08-01-00-00
upper,150.0,wind,5670,3.939067914389746,-0.5212382750600888,3.1657724923595767,0.8881318945206315,12.12629807890919,12.64753635396928,3.904429112531967,gdas,2025-07-29-00-00,2025-07-29-00-00,72,72,2025-08-01-00-00
upper,100.0,z,5670,88.3758720496466,-62.006712962962965,70.65598544973545,0.9899293841962012,164352.3173611111,164414.32407407407,62.97191682062909,gdas,2025-07-29-00-00,2025-07-29-00-00,72,72,2025-08-01-00-00
upper,100.0,q,5670,8.110811486758535e-07,-6.739068557761537e-07,6.999505276157666e-07,0.8403107612801594,2.7169612632172527e-06,3.3908681189934064e-06,4.5133377834507386e-07,gdas,2025-07-29-00-00,2025-07-29-00-00,72,72,2025-08-01-00-00
upper,100.0,t,5670,2.1176678546111343,-1.4990666478609491,1.6889547721418754,0.9511986841936044,194.7327717816388,196.23183842949976,1.4957661340344157,gdas,2025-07-29-00-00,2025-07-29-00-00,72,72,2025-08-01-00-00
upper,100.0,u,5670,4.75920445637123,-1.2525737704002877,3.522143120530211,0.8550192193468916,-10.572501931913736,-9.319928161513449,4.591414379823387,gdas,2025-07-29-00-00,2025-07-29-00-00,72,72,2025-08-01-00-00
upper,100.0,v,5670,4.020294010389362,-2.54992077126442,3.1085392788578172,0.2276061313063148,-4.385631187112979,-1.8357104158485587,3.1081615128958218,gdas,2025-07-29-00-00,2025-07-29-00-00,72,72,2025-08-01-00-00
upper,100.0,wind,5670,4.96454982257155,1.835159469413038,3.6684396504908783,0.579546643187077,13.577370858079519,11.742211388666478,4.612910649754541,gdas,2025-07-29-00-00,2025-07-29-00-00,72,72,2025-08-01-00-00
upper,50.0,z,5670,193.61671423573887,-183.7656001984127,183.7656001984127,0.9975059135705491,204270.68812555115,204454.45372574957,60.97242175902894,gdas,2025-07-29-00-00,2025-07-29-00-00,72,72,2025-08-01-00-00
upper,50.0,q,5670,9.087953093903138e-07,-9.081365844933855e-07,9.081365844933855e-07,0.5703526093765471,1.9787704268214094e-06,2.8869070113147947e-06,3.459563953049964e-08,gdas,2025-07-29-00-00,2025-07-29-00-00,72,72,2025-08-01-00-00
upper,50.0,t,5670,1.5008483286390812,-0.6226857974205489,1.1403948950389076,0.7550081850828113,208.8228160568856,209.44550185430617,1.3655797681825326,gdas,2025-07-29-00-00,2025-07-29-00-00,72,72,2025-08-01-00-00
upper,50.0,u,5670,2.7684013937529426,-1.387283132862582,2.1145275507023724,0.8850379122737929,-18.294484021844475,-16.907200888981894,2.3957236456253073,gdas,2025-07-29-00-00,2025-07-29-00-00,72,72,2025-08-01-00-00
upper,50.0,v,5670,2.7267896191449332,-1.5696115938643145,2.1092468275133,0.24114185878557562,-1.612117962188554,-0.042506368324239416,2.2297311657424745,gdas,2025-07-29-00-00,2025-07-29-00-00,72,72,2025-08-01-00-00
upper,50.0,wind,5670,2.7255158337528926,1.3165813946982892,2.0634086531764866,0.8869331831010239,18.37646835103934,17.059886956341053,2.386430386827161,gdas,2025-07-29-00-00,2025-07-29-00-00,72,72,2025-08-01-00-00
